1,2125,2125,0.04,0,0
2,0,2075,0.03,1,1
2,1792,2075,0.46,0.1363855421686747,8
2,1857,2075,0.46,0.10506024096385543,7
2,1895,2075,0.46,0.08674698795180723,6
2,1904,2075,0.47,0.08240963855421687,5
2,1925,2075,0.47,0.07228915662650602,4
2,1933,2075,0.47,0.06843373493975903,3
2,1992,2075,0.48,0.04,2
2,2065,2075,0.48,0.004819277108433735,1
2,2075,2075,0.48,0,0
3,0,1675,0.03,1,1
3,1333,1675,0.34,0.20417910447761195,10
3,1340,1675,1.35,0.2,57
3,1345,1675,1.36,0.19701492537313434,56
3,1348,1675,1.46,0.19522388059701493,60
3,1391,1675,1.46,0.16955223880597015,59
3,1395,1675,1.46,0.16716417910447762,58
3,1400,1675,1.47,0.16417910447761194,57
3,1402,1675,1.47,0.16298507462686568,55
3,1403,1675,1.48,0.16238805970149253,53
3,1408,1675,1.48,0.15940298507462686,52
3,1411,1675,1.49,0.15761194029850747,51
3,1419,1675,1.49,0.1528358208955224,50
3,1424,1675,1.5,0.14985074626865671,48
3,1425,1675,1.5,0.14925373134328357,47
3,1435,1675,1.51,0.14328358208955225,46
3,1436,1675,1.51,0.1426865671641791,45
3,1439,1675,1.51,0.1408955223880597,44
3,1441,1675,1.52,0.13970149253731343,43
3,1447,1675,1.52,0.13611940298507463,42
3,1451,1675,1.53,0.13373134328358208,41
3,1459,1675,1.53,0.12895522388059702,40
3,1465,1675,1.53,0.1253731343283582,39
3,1473,1675,1.54,0.12059701492537313,38
3,1480,1675,1.54,0.11641791044776119,37
3,1482,1675,1.54,0.11522388059701492,35
3,1489,1675,1.55,0.11104477611940299,34
3,1494,1675,1.55,0.10805970149253731,33
3,1497,1675,1.55,0.10626865671641791,32
3,1504,1675,1.56,0.10208955223880598,31
3,1505,1675,1.56,0.10149253731343283,29
3,1520,1675,1.57,0.09253731343283582,28
3,1522,1675,1.57,0.09134328358208955,27
3,1527,1675,1.57,0.08835820895522388,26
3,1529,1675,1.58,0.08716417910447762,25
3,1534,1675,1.58,0.08417910447761194,24
3,1539,1675,1.58,0.08119402985074627,23
3,1547,1675,1.59,0.0764179104477612,22
3,1549,1675,1.59,0.07522388059701493,21
3,1552,1675,1.59,0.07343283582089552,20
3,1555,1675,1.6,0.07164179104477612,19
3,1561,1675,1.6,0.06805970149253732,18
3,1565,1675,1.6,0.06567164179104477,17
3,1567,1675,1.61,0.06447761194029851,16
3,1572,1675,1.61,0.061492537313432835,15
3,1574,1675,1.62,0.060298507462686564,14
3,1592,1675,1.62,0.04955223880597015,13
3,1596,1675,1.63,0.047164179104477615,12
3,1619,1675,1.63,0.03343283582089552,11
3,1624,1675,1.63,0.03044776119402985,10
3,1629,1675,1.64,0.02746268656716418,9
3,1632,1675,1.64,0.025671641791044777,8
3,1636,1675,1.64,0.023283582089552238,7
3,1650,1675,1.65,0.014925373134328358,6
3,1654,1675,1.65,0.01253731343283582,5
3,1660,1675,1.65,0.008955223880597015,4
3,1669,1675,1.66,0.003582089552238806,3
3,1670,1675,1.66,0.0029850746268656717,2
3,1675,1675,1.66,0,0
4,0,1684,0.17,1,1
4,247,1684,19.62,0.8533254156769596,17
4,267,1684,37.02,0.8414489311163895,31
4,283,1684,53.53,0.8319477434679335,41
4,284,1684,70.21,0.831353919239905,52
4,296,1684,87.19,0.8242280285035629,64
4,298,1684,105.01,0.8230403800475059,77
4,322,1684,139.73,0.8087885985748219,101
4,334,1684,154.33,0.8016627078384798,112
4,337,1684,170.31,0.7998812351543944,125
4,340,1684,184.38,0.7980997624703088,136
4,342,1684,201.02,0.7969121140142518,145
4,344,1684,232.59,0.7957244655581948,171
4,352,1684,262.15,0.7909738717339667,193
4,353,1684,276.49,0.7903800475059383,206
4,358,1684,293.04,0.7874109263657957,219
4,365,1684,323.86,0.7832541567695962,241
4,366,1684,339.1,0.7826603325415677,251
4,367,1684,353.62,0.7820665083135392,260
4,378,1684,368.9,0.7755344418052257,274
4,389,1684,385.36,0.7690023752969121,288
4,390,1684,402.51,0.7684085510688836,301
4,395,1684,430.13,0.7654394299287411,324
4,397,1684,443.45,0.7642517814726841,337
4,401,1684,456.19,0.7618764845605701,348
4,402,1684,482.23,0.7612826603325415,371
4,405,1684,496.61,0.7595011876484561,384
4,407,1684,509.88,0.7583135391923991,397
4,409,1684,555.81,0.7571258907363421,432
4,411,1684,568.57,0.755938242280285,444
4,416,1684,581.44,0.7529691211401425,458
4,418,1684,595.7,0.7517814726840855,468
4,420,1684,626.56,0.7505938242280285,493
4,422,1684,626.58,0.7494061757719715,492
4,426,1684,639.44,0.7470308788598575,503
4,429,1684,651.83,0.745249406175772,515
4,433,1684,667.91,0.7428741092636579,527
4,441,1684,699.41,0.7381235154394299,552
4,446,1684,710.35,0.7351543942992874,564
4,447,1684,734.1,0.7345605700712589,589
4,448,1684,750.77,0.7339667458432304,600
4,449,1684,762.06,0.7333729216152018,609
4,450,1684,786.74,0.7327790973871734,629
4,451,1684,798.33,0.732185273159145,641
4,452,1684,809.96,0.7315914489311164,653
4,460,1684,839.36,0.7268408551068883,679
4,461,1684,865.8,0.7262470308788599,703
4,464,1684,879.44,0.7244655581947743,715
4,468,1684,890.73,0.7220902612826603,727
4,469,1684,916.54,0.7214964370546318,747
4,472,1684,939.69,0.7197149643705463,772
4,473,1684,953.4,0.7191211401425178,782
4,476,1684,965.76,0.7173396674584323,794
4,477,1684,965.78,0.7167458432304038,793
4,479,1684,980.41,0.7155581947743468,806
4,481,1684,993.36,0.7143705463182898,818
4,485,1684,1007.67,0.7119952494061758,828
4,486,1684,1018.67,0.7114014251781473,839
4,487,1684,1030.86,0.7108076009501187,848
4,488,1684,1030.89,0.7102137767220903,846
4,491,1684,1045.98,0.7084323040380047,859
4,492,1684,1045.98,0.7078384798099763,858
4,494,1684,1055.55,0.7066508313539193,866
4,497,1684,1070.54,0.7048693586698337,879
4,500,1684,1070.56,0.7030878859857482,878
4,502,1684,1070.57,0.7019002375296912,877
4,503,1684,1083.51,0.7013064133016627,888
4,508,1684,1109.52,0.6983372921615202,911
4,521,1684,1123.68,0.6906175771971497,924
4,522,1684,1136.53,0.6900237529691211,938
4,523,1684,1149.03,0.6894299287410927,950
4,526,1684,1149.04,0.6876484560570071,949
4,529,1684,1170.0,0.6858669833729216,972
4,533,1684,1182.41,0.6834916864608076,984
4,534,1684,1194.88,0.6828978622327792,993
4,535,1684,1209.09,0.6823040380047506,1006
4,536,1684,1244.17,0.6817102137767221,1044
4,537,1684,1267.64,0.6811163895486936,1065
4,540,1684,1294.49,0.6793349168646081,1089
4,541,1684,1309.91,0.6787410926365796,1101
4,542,1684,1323.6,0.6781472684085511,1113
4,543,1684,1360.09,0.6775534441805225,1149
4,546,1684,1360.11,0.6757719714964371,1148
4,547,1684,1384.91,0.6751781472684085,1168
4,550,1684,1400.32,0.6733966745843231,1180
4,552,1684,1414.97,0.672209026128266,1191
4,554,1684,1429.97,0.671021377672209,1205
4,555,1684,1445.07,0.6704275534441805,1215
4,556,1684,1445.08,0.669833729216152,1214
4,557,1684,1457.61,0.6692399049881235,1224
4,559,1684,1457.64,0.6680522565320665,1222
4,561,1684,1498.22,0.6668646080760094,1258
4,562,1684,1498.25,0.666270783847981,1257
4,563,1684,1512.45,0.6656769596199525,1269
4,564,1684,1512.48,0.665083135391924,1267
4,566,1684,1537.0,0.663895486935867,1289
4,567,1684,1550.19,0.6633016627078385,1301
4,568,1684,1563.06,0.66270783847981,1312
4,571,1684,1575.95,0.6609263657957245,1324
4,573,1684,1590.22,0.6597387173396675,1334
4,575,1684,1603.17,0.6585510688836105,1345
4,577,1684,1613.83,0.6573634204275535,1355
4,578,1684,1628.45,0.6567695961995249,1367
4,581,1684,1645.02,0.6549881235154394,1393
4,582,1684,1654.91,0.6543942992874109,1405
4,583,1684,1675.05,0.6538004750593824,1427
4,586,1684,1675.07,0.6520190023752969,1425
4,587,1684,1675.09,0.6514251781472684,1424
4,588,1684,1675.13,0.6508313539192399,1422
4,590,1684,1675.17,0.649643705463183,1419
4,591,1684,1675.2,0.6490498812351544,1417
4,594,1684,1675.21,0.6472684085510689,1416
4,595,1684,1675.22,0.6466745843230404,1415
4,596,1684,1675.24,0.6460807600950119,1413
4,597,1684,1696.35,0.6454869358669834,1434
4,598,1684,1696.39,0.6448931116389549,1432
4,599,1684,1706.91,0.6442992874109263,1443
4,600,1684,1717.93,0.6437054631828979,1455
4,601,1684,1728.39,0.6431116389548693,1465
4,602,1684,1728.41,0.6425178147268409,1464
4,603,1684,1728.44,0.6419239904988123,1461
4,604,1684,1740.77,0.6413301662707839,1471
4,606,1684,1753.71,0.6401425178147269,1484
4,607,1684,1753.73,0.6395486935866983,1482
4,608,1684,1766.92,0.6389548693586699,1494
4,610,1684,1780.16,0.6377672209026128,1506
4,611,1684,1780.18,0.6371733966745843,1505
4,612,1684,1780.2,0.6365795724465558,1503
4,614,1684,1780.21,0.6353919239904988,1502
4,615,1684,1780.22,0.6347980997624703,1501
4,617,1684,1780.22,0.6336104513064132,1500
4,618,1684,1813.32,0.6330166270783848,1531
4,619,1684,1813.35,0.6324228028503563,1528
4,620,1684,1813.36,0.6318289786223278,1527
4,621,1684,1813.39,0.6312351543942993,1523
4,624,1684,1813.4,0.6294536817102138,1522
4,626,1684,1813.4,0.6282660332541568,1521
4,629,1684,1827.75,0.6264845605700713,1532
4,630,1684,1839.77,0.6258907363420427,1542
4,631,1684,1851.05,0.6252969121140143,1554
4,634,1684,1877.11,0.6235154394299287,1583
4,635,1684,1877.13,0.6229216152019003,1582
4,636,1684,1888.14,0.6223277909738717,1591
4,637,1684,1888.15,0.6217339667458432,1589
4,638,1684,1900.15,0.6211401425178147,1601
4,639,1684,1900.16,0.6205463182897862,1600
4,641,1684,1900.19,0.6193586698337292,1597
4,642,1684,1900.2,0.6187648456057007,1596
4,643,1684,1913.17,0.6181710213776722,1608
4,645,1684,1913.18,0.6169833729216152,1607
4,647,1684,1924.01,0.6157957244655582,1617
4,648,1684,1924.02,0.6152019002375297,1615
4,649,1684,1924.04,0.6146080760095012,1613
4,650,1684,1950.76,0.6140142517814727,1637
4,651,1684,1950.78,0.6134204275534442,1636
4,652,1684,2011.23,0.6128266033254157,1692
4,653,1684,2022.01,0.6122327790973872,1704
4,654,1684,2022.02,0.6116389548693587,1703
4,655,1684,2059.8,0.6110451306413301,1736
4,656,1684,2059.81,0.6104513064133017,1735
4,657,1684,2072.73,0.6098574821852731,1746
4,658,1684,2072.74,0.6092636579572447,1745
4,659,1684,2083.54,0.6086698337292161,1752
4,660,1684,2083.55,0.6080760095011877,1751
4,661,1684,2083.58,0.6074821852731591,1749
4,663,1684,2083.61,0.6062945368171021,1745
4,664,1684,2091.18,0.6057007125890737,1756
4,666,1684,2091.18,0.6045130641330166,1755
4,667,1684,2100.78,0.6039192399049881,1767
4,668,1684,2111.59,0.6033254156769596,1780
4,670,1684,2111.59,0.6021377672209026,1779
4,671,1684,2111.61,0.6015439429928741,1776
4,672,1684,2111.62,0.6009501187648456,1775
4,673,1684,2111.66,0.600356294536817,1771
4,674,1684,2111.67,0.5997624703087886,1770
4,676,1684,2111.69,0.5985748218527316,1768
4,677,1684,2126.77,0.5979809976247031,1779
4,679,1684,2126.77,0.5967933491686461,1778
4,680,1684,2137.61,0.5961995249406176,1789
4,681,1684,2137.64,0.5956057007125891,1786
4,682,1684,2137.64,0.5950118764845606,1784
4,683,1684,2146.53,0.5944180522565321,1795
4,684,1684,2146.54,0.5938242280285035,1793
4,685,1684,2159.52,0.5932304038004751,1806
4,686,1684,2168.82,0.5926365795724465,1813
4,687,1684,2190.13,0.5920427553444181,1836
4,688,1684,2190.15,0.5914489311163895,1834
4,689,1684,2203.8,0.5908551068883611,1838
4,690,1684,2203.84,0.5902612826603325,1834
4,691,1684,2203.87,0.5896674584323041,1831
4,692,1684,2203.87,0.5890736342042755,1830
4,693,1684,2203.88,0.588479809976247,1829
4,694,1684,2203.88,0.5878859857482185,1827
4,695,1684,2215.51,0.58729216152019,1829
4,697,1684,2235.03,0.586104513064133,1848
4,699,1684,2243.36,0.584916864608076,1856
4,700,1684,2243.37,0.5843230403800475,1855
4,701,1684,2243.37,0.583729216152019,1854
4,702,1684,2243.39,0.5831353919239906,1852
4,703,1684,2243.41,0.582541567695962,1851
4,704,1684,2243.41,0.5819477434679335,1849
4,706,1684,2243.43,0.5807600950118765,1846
4,708,1684,2251.08,0.5795724465558195,1856
4,709,1684,2251.1,0.578978622327791,1853
4,711,1684,2266.45,0.577790973871734,1864
4,712,1684,2278.1,0.5771971496437055,1878
4,713,1684,2278.11,0.5766033254156769,1877
4,714,1684,2290.43,0.5760095011876485,1887
4,715,1684,2290.43,0.5754156769596199,1886
4,716,1684,2290.46,0.5748218527315915,1884
4,717,1684,2290.51,0.5742280285035629,1880
4,718,1684,2290.52,0.5736342042755345,1878
4,719,1684,2290.55,0.5730403800475059,1875
4,720,1684,2290.56,0.5724465558194775,1872
4,721,1684,2301.45,0.5718527315914489,1884
4,722,1684,2301.46,0.5712589073634204,1882
4,723,1684,2301.47,0.5706650831353919,1881
4,724,1684,2301.48,0.5700712589073634,1879
4,726,1684,2317.06,0.5688836104513064,1891
4,727,1684,2317.06,0.5682897862232779,1890
4,728,1684,2317.08,0.5676959619952494,1888
4,729,1684,2317.08,0.5671021377672208,1886
4,730,1684,2317.08,0.5665083135391924,1885
4,731,1684,2317.1,0.565914489311164,1884
4,732,1684,2317.13,0.5653206650831354,1881
4,733,1684,2324.59,0.5647268408551069,1888
4,734,1684,2324.62,0.5641330166270784,1884
4,735,1684,2324.64,0.5635391923990499,1882
4,736,1684,2333.51,0.5629453681710214,1893
4,737,1684,2333.53,0.5623515439429929,1891
4,738,1684,2333.56,0.5617577197149644,1889
4,739,1684,2333.58,0.5611638954869359,1884
4,740,1684,2333.6,0.5605700712589073,1882
4,741,1684,2342.41,0.5599762470308789,1890
4,742,1684,2342.42,0.5593824228028503,1889
4,743,1684,2342.44,0.5587885985748219,1887
4,744,1684,2362.88,0.5581947743467933,1908
4,745,1684,2362.93,0.5576009501187649,1901
4,746,1684,2374.62,0.5570071258907363,1910
4,747,1684,2374.63,0.5564133016627079,1907
4,748,1684,2383.95,0.5558194774346793,1917
4,749,1684,2383.97,0.5552256532066508,1913
4,749,1681,2390.48,0.5544318857822724,1921
4,750,1681,2390.49,0.553837001784652,1920
4,751,1681,2390.5,0.5532421177870316,1918
4,752,1681,2390.51,0.552647233789411,1917
4,753,1681,2390.52,0.5520523497917906,1915
4,754,1681,2390.55,0.5514574657941701,1910
4,755,1681,2390.56,0.5508625817965497,1908
4,756,1681,2408.55,0.5502676977989293,1931
4,757,1681,2408.56,0.5496728138013087,1928
4,758,1681,2408.57,0.5490779298036883,1926
4,759,1681,2427.6,0.5484830458060678,1948
4,760,1681,2440.48,0.5478881618084473,1958
4,761,1681,2440.49,0.5472932778108269,1956
4,762,1681,2449.93,0.5466983938132064,1965
4,763,1681,2449.97,0.546103509815586,1958
4,764,1681,2477.41,0.5455086258179654,1991
4,765,1681,2477.42,0.544913741820345,1989
4,766,1681,2477.42,0.5443188578227246,1988
4,767,1681,2486.91,0.5437239738251041,1998
4,768,1681,2486.93,0.5431290898274836,1996
4,769,1681,2486.94,0.5425342058298632,1994
4,770,1681,2486.95,0.5419393218322427,1992
4,771,1681,2486.96,0.5413444378346223,1987
4,772,1681,2486.97,0.5407495538370017,1984
4,773,1681,2486.98,0.5401546698393813,1982
4,774,1681,2486.98,0.5395597858417609,1981
4,775,1681,2496.03,0.5389649018441404,1988
4,776,1681,2504.94,0.5383700178465199,1998
4,778,1681,2504.97,0.537180249851279,1994
4,779,1681,2504.98,0.5365853658536586,1993
4,780,1681,2504.99,0.535990481856038,1991
4,781,1681,2504.99,0.5353955978584176,1990
4,782,1681,2505.0,0.5348007138607972,1989
4,783,1681,2505.0,0.5342058298631767,1987
4,784,1681,2523.19,0.5336109458655562,2013
4,785,1681,2523.21,0.5330160618679357,2012
4,786,1681,2523.22,0.5324211778703153,2011
4,787,1681,2523.24,0.5318262938726949,2007
4,788,1681,2533.45,0.5312314098750743,2015
4,789,1681,2533.5,0.5306365258774539,2010
4,790,1681,2533.51,0.5300416418798334,2009
4,791,1681,2533.52,0.529446757882213,2008
4,792,1681,2533.53,0.5288518738845925,2005
4,793,1681,2533.54,0.528256989886972,2004
4,795,1681,2542.46,0.5270672218917312,2014
4,796,1681,2542.47,0.5264723378941106,2011
4,797,1681,2542.48,0.5258774538964902,2007
4,798,1681,2542.49,0.5252825698988697,2004
4,799,1681,2542.51,0.5246876859012493,2002
4,800,1681,2542.52,0.5240928019036288,2000
4,801,1681,2542.53,0.5234979179060083,1998
4,803,1681,2542.54,0.5223081499107673,1996
4,804,1681,2542.55,0.5217132659131469,1993
4,805,1681,2542.57,0.5211183819155265,1991
4,806,1681,2542.59,0.520523497917906,1985
4,807,1681,2542.61,0.5199286139202856,1981
4,808,1681,2542.63,0.5193337299226651,1978
4,809,1681,2542.65,0.5187388459250446,1976
4,810,1681,2542.66,0.5181439619274242,1975
4,811,1681,2542.68,0.5175490779298036,1972
4,812,1681,2542.69,0.5169541939321832,1970
4,813,1681,2542.71,0.5163593099345628,1965
4,814,1681,2542.72,0.5157644259369423,1963
4,815,1681,2542.74,0.5151695419393219,1958
4,816,1681,2542.76,0.5145746579417013,1955
4,817,1681,2542.77,0.5139797739440809,1952
4,818,1681,2556.9,0.5133848899464605,1968
4,819,1681,2564.48,0.5127900059488399,1977
4,820,1681,2576.17,0.5121951219512195,1985
4,821,1681,2576.17,0.5116002379535991,1984
4,822,1681,2576.18,0.5110053539559786,1982
4,823,1681,2576.2,0.5104104699583581,1975
4,824,1681,2576.22,0.5098155859607376,1972
4,825,1681,2576.22,0.5092207019631172,1970
4,826,1681,2576.23,0.5086258179654968,1968
4,827,1681,2576.26,0.5080309339678762,1963
4,828,1681,2583.84,0.5074360499702558,1969
4,830,1681,2583.86,0.5062462819750149,1967
4,831,1681,2583.87,0.5056513979773944,1964
4,832,1681,2583.9,0.5050565139797739,1960
4,833,1681,2583.9,0.5044616299821535,1956
4,834,1681,2583.91,0.5038667459845331,1955
4,835,1681,2583.92,0.5032718619869125,1952
4,836,1681,2595.52,0.5026769779892921,1956
4,837,1681,2595.53,0.5020820939916716,1952
4,838,1681,2595.56,0.5014872099940512,1949
4,839,1681,2595.59,0.5008923259964307,1944
4,840,1681,2595.61,0.5002974419988102,1938
4,841,1681,2595.62,0.4997025580011898,1933
4,842,1681,2595.63,0.4991076740035693,1930
4,843,1681,2595.64,0.49851279000594884,1927
4,844,1681,2595.65,0.49791790600832836,1924
4,845,1681,2607.18,0.49732302201070794,1934
4,846,1681,2607.19,0.49672813801308746,1930
4,847,1681,2607.21,0.496133254015467,1925
4,848,1681,2607.23,0.4955383700178465,1919
4,849,1681,2607.26,0.49494348602022603,1917
4,850,1681,2607.26,0.4943486020226056,1916
4,851,1681,2607.29,0.49375371802498513,1913
4,852,1681,2607.31,0.49315883402736466,1910
4,854,1681,2607.31,0.49196906603212376,1909
4,855,1681,2607.32,0.4913741820345033,1905
4,856,1681,2607.33,0.4907792980368828,1904
4,857,1681,2607.34,0.49018441403926233,1902
4,858,1681,2607.36,0.4895895300416419,1899
4,859,1681,2607.36,0.48899464604402143,1898
4,860,1681,2607.36,0.48839976204640095,1897
4,861,1681,2607.38,0.4878048780487805,1894
4,862,1681,2607.39,0.48720999405116,1891
4,863,1681,2607.41,0.4866151100535396,1890
4,864,1681,2607.42,0.4860202260559191,1889
4,865,1681,2607.42,0.4854253420582986,1888
4,866,1681,2607.45,0.48483045806067815,1885
4,867,1681,2607.46,0.4842355740630577,1881
4,868,1681,2607.47,0.48364069006543725,1880
4,869,1681,2607.48,0.4830458060678168,1879
4,870,1681,2607.5,0.4824509220701963,1874
4,871,1681,2607.51,0.4818560380725758,1872
4,872,1681,2607.52,0.4812611540749554,1871
4,873,1681,2607.52,0.4806662700773349,1869
4,874,1681,2607.53,0.48007138607971445,1866
4,875,1681,2607.53,0.47947650208209397,1864
4,876,1681,2607.54,0.47888161808447355,1861
4,877,1681,2607.56,0.47828673408685307,1858
4,878,1681,2607.59,0.4776918500892326,1855
4,879,1681,2607.6,0.4770969660916121,1848
4,880,1681,2607.6,0.4765020820939917,1846
4,881,1681,2607.61,0.4759071980963712,1844
4,882,1681,2607.62,0.47531231409875074,1841
4,883,1681,2607.63,0.47471743010113027,1837
4,884,1681,2607.64,0.4741225461035098,1832
4,885,1681,2607.64,0.47352766210588937,1831
4,886,1681,2607.65,0.4729327781082689,1828
4,887,1681,2607.65,0.4723378941106484,1827
4,888,1681,2607.66,0.47174301011302794,1823
4,889,1681,2607.67,0.4711481261154075,1821
4,890,1681,2607.67,0.47055324211778704,1819
4,893,1681,2607.69,0.46876859012492567,1813
4,894,1681,2607.69,0.4681737061273052,1810
4,895,1681,2607.7,0.4675788221296847,1809
4,896,1681,2607.71,0.46698393813206424,1804
4,897,1681,2607.72,0.46638905413444376,1801
4,898,1681,2607.73,0.46579417013682334,1796
4,899,1681,2607.75,0.46519928613920286,1793
4,900,1681,2607.76,0.4646044021415824,1792
4,901,1681,2607.77,0.4640095181439619,1788
4,902,1681,2607.77,0.4634146341463415,1786
4,903,1681,2617.09,0.462819750148721,1794
4,904,1681,2617.11,0.46222486615110053,1791
4,905,1681,2617.12,0.46162998215348006,1789
4,906,1681,2617.14,0.46103509815585964,1788
4,907,1681,2617.15,0.46044021415823916,1787
4,908,1681,2617.16,0.4598453301606187,1785
4,909,1681,2617.17,0.4592504461629982,1783
4,910,1681,2617.17,0.45865556216537773,1778
4,911,1681,2617.18,0.4580606781677573,1774
4,912,1681,2617.19,0.45746579417013683,1770
4,913,1681,2617.2,0.45687091017251635,1766
4,914,1681,2617.2,0.4562760261748959,1765
4,915,1681,2617.23,0.45568114217727546,1758
4,916,1681,2617.23,0.455086258179655,1757
4,917,1681,2617.24,0.4544913741820345,1756
4,918,1681,2617.25,0.453896490184414,1753
4,919,1681,2617.25,0.45330160618679355,1749
4,920,1681,2624.77,0.4527067221891731,1753
4,921,1681,2624.79,0.45211183819155265,1751
4,922,1681,2624.8,0.4515169541939322,1747
4,923,1681,2624.8,0.4509220701963117,1746
4,924,1681,2624.81,0.4503271861986913,1744
4,926,1681,2624.81,0.4491374182034503,1742
4,927,1681,2624.83,0.44854253420582985,1739
4,928,1681,2624.83,0.4479476502082094,1737
4,929,1681,2624.85,0.44735276621058895,1733
4,930,1681,2624.87,0.44675788221296847,1726
4,931,1681,2624.87,0.446162998215348,1725
4,932,1681,2624.88,0.4455681142177275,1724
4,934,1681,2624.88,0.4443783462224866,1721
4,935,1681,2624.89,0.44378346222486614,1717
4,936,1681,2624.89,0.44318857822724567,1716
4,937,1681,2624.9,0.44259369422962525,1713
4,938,1681,2624.91,0.44199881023200477,1710
4,939,1681,2624.91,0.4414039262343843,1708
4,940,1681,2624.93,0.4408090422367638,1706
4,941,1681,2624.94,0.4402141582391434,1704
4,942,1681,2624.95,0.4396192742415229,1701
4,943,1681,2624.95,0.43902439024390244,1700
4,944,1681,2624.96,0.43842950624628196,1696
4,945,1681,2624.97,0.4378346222486615,1693
4,946,1681,2624.98,0.43723973825104107,1691
4,947,1681,2624.98,0.4366448542534206,1689
4,948,1681,2624.98,0.4360499702558001,1687
4,949,1681,2634.54,0.43545508625817964,1699
4,950,1681,2634.55,0.4348602022605592,1697
4,951,1681,2634.55,0.43426531826293874,1696
4,952,1681,2634.56,0.43367043426531826,1695
4,953,1681,2634.56,0.4330755502676978,1690
4,954,1681,2634.57,0.4324806662700773,1687
4,955,1681,2634.57,0.4318857822724569,1684
4,956,1681,2634.59,0.4312908982748364,1680
4,957,1681,2634.6,0.43069601427721593,1676
4,958,1681,2634.61,0.43010113027959546,1674
4,959,1681,2634.61,0.42950624628197503,1671
4,960,1681,2634.63,0.42891136228435456,1669
4,961,1681,2634.63,0.4283164782867341,1668
4,962,1681,2634.66,0.4277215942891136,1658
4,963,1681,2640.43,0.4271267102914932,1664
4,964,1681,2640.43,0.4265318262938727,1663
4,965,1681,2640.44,0.42593694229625223,1660
4,967,1681,2640.44,0.4247471743010113,1658
4,968,1681,2640.45,0.42415229030339086,1653
4,969,1681,2640.46,0.4235574063057704,1651
4,970,1681,2640.46,0.4229625223081499,1647
4,971,1681,2640.47,0.4223676383105294,1643
4,972,1681,2640.48,0.421772754312909,1637
4,973,1681,2640.5,0.4211778703152885,1632
4,974,1681,2640.52,0.42058298631766805,1628
4,975,1681,2640.52,0.4199881023200476,1624
4,976,1681,2640.52,0.41939321832242715,1622
4,977,1681,2640.53,0.4187983343248067,1619
4,978,1681,2640.53,0.4182034503271862,1618
4,979,1681,2640.54,0.4176085663295657,1614
4,980,1681,2640.55,0.41701368233194525,1611
4,981,1681,2640.55,0.4164187983343248,1610
4,982,1681,2640.56,0.41582391433670435,1607
4,983,1681,2640.56,0.41522903033908387,1604
4,984,1681,2640.57,0.4146341463414634,1601
4,985,1681,2640.61,0.414039262343843,1596
4,986,1681,2640.61,0.4134443783462225,1592
4,987,1681,2640.62,0.412849494348602,1589
4,988,1681,2640.63,0.41225461035098154,1583
4,989,1681,2640.65,0.4116597263533611,1577
4,990,1681,2640.65,0.41106484235574065,1571
4,991,1681,2640.66,0.41046995835812017,1564
4,992,1681,2640.75,0.4098750743604997,1560
4,993,1681,2640.76,0.4092801903628792,1559
4,994,1681,2640.77,0.4086853063652588,1552
4,995,1681,2640.77,0.4080904223676383,1550
4,996,1681,2640.85,0.40749553837001784,1544
4,997,1681,2640.86,0.40690065437239736,1539
4,998,1681,2640.87,0.40630577037477694,1536
4,999,1681,2640.87,0.40571088637715647,1533
4,1000,1681,2640.87,0.405116002379536,1531
4,1001,1681,2640.88,0.4045211183819155,1528
4,1002,1681,2640.89,0.40392623438429504,1522
4,1004,1681,2640.9,0.40273646638905414,1517
4,1005,1681,2640.9,0.40214158239143366,1516
4,1006,1681,2640.9,0.4015466983938132,1511
4,1007,1681,2640.91,0.40095181439619276,1508
4,1008,1681,2640.92,0.4003569303985723,1506
4,1009,1681,2640.93,0.3997620464009518,1503
4,1010,1681,2640.94,0.39916716240333133,1499
4,1011,1681,2640.94,0.3985722784057109,1496
4,1012,1681,2640.95,0.39797739440809043,1493
4,1013,1681,2640.97,0.39738251041046996,1488
4,1014,1681,2640.98,0.3967876264128495,1483
4,1015,1681,2640.98,0.396192742415229,1478
4,1016,1681,2640.99,0.3955978584176086,1476
4,1017,1681,2641.0,0.3950029744199881,1471
4,1018,1681,2641.0,0.39440809042236763,1469
4,1019,1681,2641.01,0.39381320642474715,1466
4,1020,1681,2641.01,0.39321832242712673,1464
4,1021,1681,2641.01,0.39262343842950626,1462
4,1022,1681,2641.02,0.3920285544318858,1459
4,1023,1681,2641.02,0.3914336704342653,1458
4,1024,1681,2641.03,0.3908387864366449,1454
4,1025,1681,2641.03,0.3902439024390244,1453
4,1026,1681,2641.04,0.3896490184414039,1451
4,1027,1681,2641.04,0.38905413444378345,1448
4,1028,1681,2641.04,0.388459250446163,1446
4,1029,1681,2641.05,0.38786436644854255,1441
4,1030,1681,2641.06,0.3872694824509221,1438
4,1031,1681,2641.06,0.3866745984533016,1436
4,1032,1681,2641.06,0.3860797144556811,1434
4,1033,1681,2641.07,0.3854848304580607,1429
4,1034,1681,2641.07,0.3848899464604402,1423
4,1035,1681,2641.08,0.38429506246281975,1420
4,1036,1681,2641.09,0.38370017846519927,1415
4,1037,1681,2641.1,0.38310529446757885,1411
4,1038,1681,2641.11,0.3825104104699584,1408
4,1039,1681,2641.12,0.3819155264723379,1403
4,1040,1681,2641.12,0.3813206424747174,1402
4,1041,1681,2641.12,0.38072575847709694,1399
4,1043,1681,2641.13,0.37953599048185604,1398
4,1044,1681,2641.13,0.37894110648423557,1396
4,1045,1681,2641.14,0.3783462224866151,1395
4,1046,1681,2641.14,0.37775133848899467,1391
4,1048,1681,2641.14,0.3765615704937537,1387
4,1049,1681,2641.16,0.37596668649613324,1384
4,1050,1681,2641.16,0.37537180249851276,1380
4,1051,1681,2641.17,0.37477691850089234,1378
4,1052,1681,2641.18,0.37418203450327187,1372
4,1053,1681,2641.19,0.3735871505056514,1371
4,1054,1681,2641.19,0.3729922665080309,1370
4,1055,1681,2641.19,0.3723973825104105,1364
4,1056,1681,2641.2,0.37180249851279,1362
4,1058,1681,2641.21,0.37061273051754906,1358
4,1059,1681,2641.21,0.37001784651992864,1357
4,1060,1681,2641.22,0.36942296252230816,1354
4,1061,1681,2641.22,0.3688280785246877,1351
4,1062,1681,2641.23,0.3682331945270672,1349
4,1063,1681,2641.23,0.36763831052944673,1344
4,1065,1681,2641.24,0.36644854253420583,1340
4,1066,1681,2641.24,0.36585365853658536,1334
4,1067,1681,2641.25,0.3652587745389649,1329
4,1068,1681,2641.25,0.36466389054134446,1326
4,1069,1681,2641.26,0.364069006543724,1323
4,1070,1681,2641.26,0.3634741225461035,1320
4,1071,1681,2641.27,0.36287923854848303,1319
4,1072,1681,2641.27,0.3622843545508626,1316
4,1073,1681,2641.28,0.36168947055324213,1310
4,1074,1681,2641.28,0.36109458655562165,1305
4,1075,1681,2641.28,0.3604997025580012,1303
4,1076,1681,2641.3,0.3599048185603807,1299
4,1077,1681,2641.31,0.3593099345627603,1296
4,1078,1681,2641.31,0.3587150505651398,1294
4,1079,1681,2641.32,0.3581201665675193,1290
4,1080,1681,2641.32,0.35752528256989885,1287
4,1081,1681,2641.33,0.35693039857227843,1284
4,1082,1681,2641.33,0.35633551457465795,1282
4,1083,1681,2641.34,0.3557406305770375,1281
4,1084,1681,2641.34,0.355145746579417,1279
4,1085,1681,2641.34,0.3545508625817965,1276
4,1086,1681,2641.35,0.3539559785841761,1275
4,1087,1681,2641.35,0.3533610945865556,1271
4,1088,1681,2641.36,0.35276621058893515,1268
4,1089,1681,2641.36,0.35217132659131467,1265
4,1090,1681,2641.37,0.35157644259369425,1262
4,1091,1681,2641.37,0.3509815585960738,1258
4,1092,1681,2641.38,0.3503866745984533,1254
4,1093,1681,2641.38,0.3497917906008328,1252
4,1094,1681,2641.38,0.3491969066032124,1250
4,1095,1681,2641.39,0.3486020226055919,1244
4,1096,1681,2641.39,0.34800713860797144,1243
4,1097,1681,2641.4,0.34741225461035097,1242
4,1098,1681,2641.4,0.3468173706127305,1239
4,1100,1681,2641.41,0.3456276026174896,1236
4,1101,1681,2641.42,0.3450327186198691,1228
4,1102,1681,2641.42,0.34443783462224864,1224
4,1103,1681,2641.43,0.3438429506246282,1223
4,1104,1681,2641.43,0.34324806662700774,1220
4,1105,1681,2641.44,0.34265318262938727,1215
4,1106,1681,2641.44,0.3420582986317668,1213
4,1107,1681,2641.45,0.34146341463414637,1211
4,1108,1681,2641.45,0.3408685306365259,1208
4,1109,1681,2641.45,0.3402736466389054,1202
4,1110,1681,2641.46,0.33967876264128494,1198
4,1112,1681,2641.46,0.33848899464604404,1192
4,1113,1681,2641.46,0.33789411064842356,1190
4,1114,1681,2641.47,0.3372992266508031,1189
4,1115,1681,2641.48,0.3367043426531826,1187
4,1116,1681,2641.48,0.3361094586555622,1185
4,1118,1681,2641.49,0.33491969066032123,1181
4,1119,1681,2641.49,0.33432480666270076,1178
4,1120,1681,2641.5,0.33372992266508034,1173
4,1121,1681,2641.51,0.33313503866745986,1171
4,1122,1681,2641.51,0.3325401546698394,1168
4,1123,1681,2641.52,0.3319452706722189,1163
4,1124,1681,2641.53,0.33135038667459843,1160
4,1125,1681,2641.54,0.330755502676978,1159
4,1126,1681,2641.54,0.33016061867935753,1155
4,1127,1681,2641.55,0.32956573468173705,1154
4,1128,1681,2641.55,0.3289708506841166,1152
4,1129,1681,2641.56,0.32837596668649616,1148
4,1130,1681,2641.57,0.3277810826888757,1143
4,1131,1681,2641.57,0.3271861986912552,1140
4,1132,1681,2641.58,0.3265913146936347,1137
4,1133,1681,2641.59,0.32599643069601425,1135
4,1134,1681,2641.59,0.32540154669839383,1129
4,1135,1681,2641.59,0.32480666270077335,1127
4,1136,1681,2641.6,0.3242117787031529,1125
4,1137,1681,2641.61,0.3236168947055324,1123
4,1138,1681,2641.61,0.323022010707912,1118
4,1139,1681,2641.61,0.3224271267102915,1114
4,1140,1681,2641.62,0.321832242712671,1112
4,1141,1681,2641.62,0.32123735871505055,1108
4,1142,1681,2641.62,0.3206424747174301,1105
4,1143,1681,2641.63,0.32004759071980965,1104
4,1144,1681,2641.64,0.3194527067221892,1102
4,1145,1681,2641.64,0.3188578227245687,1099
4,1146,1681,2641.65,0.3182629387269482,1096
4,1147,1681,2641.66,0.3176680547293278,1092
4,1148,1681,2641.66,0.3170731707317073,1091
4,1149,1681,2641.66,0.31647828673408684,1088
4,1150,1681,2641.67,0.31588340273646637,1082
4,1151,1681,2641.67,0.31528851873884595,1079
4,1152,1681,2641.67,0.31469363474122547,1076
4,1153,1681,2641.68,0.314098750743605,1070
4,1154,1681,2641.68,0.3135038667459845,1068
4,1155,1681,2641.69,0.3129089827483641,1063
4,1157,1681,2641.69,0.31171921475312314,1057
4,1160,1681,2641.69,0.30993456276026177,1054
4,1161,1681,2641.7,0.3093396787626413,1050
4,1162,1681,2641.7,0.3087447947650208,1048
4,1163,1681,2641.7,0.30814991076740034,1047
4,1164,1681,2641.7,0.3075550267697799,1043
4,1165,1681,2641.71,0.30696014277215944,1040
4,1166,1681,2641.71,0.30636525877453896,1037
4,1167,1681,2641.71,0.3057703747769185,1036
4,1168,1681,2641.71,0.30517549077929806,1034
4,1169,1681,2641.72,0.3045806067816776,1031
4,1170,1681,2641.72,0.3039857227840571,1028
4,1171,1681,2641.72,0.30339083878643663,1025
4,1173,1681,2641.73,0.30220107079119574,1022
4,1175,1681,2641.73,0.3010113027959548,1021
4,1176,1681,2641.73,0.3004164187983343,1019
4,1177,1681,2641.73,0.2998215348007139,1015
4,1178,1681,2641.73,0.2992266508030934,1013
4,1179,1681,2641.74,0.29863176680547293,1009
4,1180,1681,2641.74,0.29803688280785245,1007
4,1181,1681,2641.75,0.297441998810232,1005
4,1182,1681,2641.75,0.29684711481261156,1001
4,1183,1681,2641.75,0.2962522308149911,996
4,1184,1681,2641.76,0.2956573468173706,991
4,1185,1681,2641.77,0.2950624628197501,986
4,1186,1681,2641.77,0.2944675788221297,983
4,1187,1681,2641.78,0.29387269482450923,979
4,1188,1681,2641.78,0.29327781082688875,975
4,1189,1681,2641.78,0.2926829268292683,972
4,1191,1681,2641.79,0.2914931588340274,967
4,1192,1681,2641.79,0.2908982748364069,964
4,1194,1681,2641.79,0.28970850684116595,961
4,1195,1681,2641.79,0.2891136228435455,959
4,1196,1681,2641.8,0.28851873884592505,958
4,1197,1681,2641.8,0.2879238548483046,954
4,1198,1681,2641.81,0.2873289708506841,952
4,1199,1681,2641.81,0.2867340868530637,948
4,1200,1681,2641.82,0.2861392028554432,944
4,1201,1681,2641.82,0.2855443188578227,941
4,1202,1681,2641.83,0.28494943486020224,938
4,1203,1681,2641.83,0.2843545508625818,937
4,1204,1681,2641.83,0.28375966686496135,936
4,1205,1681,2641.83,0.28316478286734087,934
4,1206,1681,2641.84,0.2825698988697204,930
4,1207,1681,2641.84,0.2819750148720999,926
4,1208,1681,2641.85,0.2813801308744795,924
4,1209,1681,2641.85,0.280785246876859,921
4,1210,1681,2641.85,0.28019036287923854,918
4,1211,1681,2641.86,0.27959547888161806,917
4,1212,1681,2641.86,0.27900059488399764,916
4,1213,1681,2641.86,0.27840571088637717,913
4,1214,1681,2641.86,0.2778108268887567,912
4,1215,1681,2641.86,0.2772159428911362,911
4,1216,1681,2641.87,0.2766210588935158,909
4,1217,1681,2641.87,0.2760261748958953,906
4,1218,1681,2641.87,0.27543129089827484,901
4,1219,1681,2641.88,0.27483640690065436,898
4,1220,1681,2641.88,0.2742415229030339,897
4,1222,1681,2641.89,0.273051754907793,896
4,1223,1681,2641.89,0.2724568709101725,894
4,1224,1681,2641.89,0.27186198691255203,891
4,1225,1681,2641.9,0.2712671029149316,889
4,1226,1681,2641.9,0.27067221891731114,885
4,1227,1681,2641.9,0.27007733491969066,881
4,1228,1681,2641.91,0.2694824509220702,879
4,1229,1681,2641.91,0.2688875669244497,875
4,1230,1681,2641.92,0.2682926829268293,870
4,1231,1681,2641.92,0.2676977989292088,869
4,1232,1681,2641.92,0.26710291493158833,868
4,1234,1681,2641.93,0.26591314693634743,865
4,1235,1681,2641.93,0.26531826293872696,860
4,1236,1681,2641.94,0.2647233789411065,858
4,1237,1681,2641.94,0.264128494943486,855
4,1238,1681,2641.94,0.2635336109458656,854
4,1239,1681,2641.94,0.2629387269482451,852
4,1240,1681,2641.94,0.26234384295062463,850
4,1241,1681,2641.95,0.26174895895300415,844
4,1242,1681,2641.95,0.2611540749553837,838
4,1243,1681,2641.96,0.26055919095776325,833
4,1244,1681,2641.96,0.2599643069601428,830
4,1245,1681,2641.97,0.2593694229625223,827
4,1246,1681,2641.97,0.2587745389649018,824
4,1247,1681,2641.97,0.2581796549672814,821
4,1248,1681,2641.97,0.2575847709696609,819
4,1249,1681,2641.98,0.25698988697204045,818
4,1250,1681,2641.98,0.25639500297441997,814
4,1251,1681,2641.98,0.25580011897679955,809
4,1252,1681,2641.98,0.2552052349791791,807
4,1253,1681,2641.98,0.2546103509815586,806
4,1254,1681,2641.99,0.2540154669839381,804
4,1255,1681,2641.99,0.25342058298631764,802
4,1256,1681,2641.99,0.2528256989886972,799
4,1257,1681,2641.99,0.25223081499107675,798
4,1258,1681,2642.0,0.25163593099345627,794
4,1259,1681,2642.0,0.2510410469958358,792
4,1260,1681,2642.01,0.25044616299821537,786
4,1262,1681,2642.01,0.24925639500297442,782
4,1263,1681,2642.01,0.24866151100535397,780
4,1264,1681,2642.01,0.2480666270077335,777
4,1265,1681,2642.02,0.24747174301011302,774
4,1266,1681,2642.02,0.24687685901249257,771
4,1267,1681,2642.03,0.2462819750148721,767
4,1268,1681,2642.03,0.24568709101725164,765
4,1269,1681,2642.03,0.24509220701963116,760
4,1270,1681,2642.04,0.24449732302201072,756
4,1271,1681,2642.04,0.24390243902439024,753
4,1272,1681,2642.04,0.2433075550267698,748
4,1273,1681,2642.05,0.2427126710291493,747
4,1274,1681,2642.05,0.24211778703152886,745
4,1275,1681,2642.05,0.2415229030339084,742
4,1276,1681,2642.06,0.2409280190362879,740
4,1277,1681,2642.06,0.24033313503866746,735
4,1278,1681,2642.06,0.23973825104104698,730
4,1279,1681,2642.06,0.23914336704342654,728
4,1280,1681,2642.06,0.23854848304580606,727
4,1281,1681,2642.07,0.2379535990481856,725
4,1282,1681,2642.07,0.23735871505056513,721
4,1283,1681,2642.07,0.23676383105294468,720
4,1284,1681,2642.07,0.2361689470553242,716
4,1285,1681,2642.08,0.23557406305770376,709
4,1286,1681,2642.08,0.23497917906008328,707
4,1287,1681,2642.08,0.23438429506246283,701
4,1288,1681,2642.09,0.23378941106484236,697
4,1289,1681,2642.09,0.23319452706722188,692
4,1290,1681,2642.09,0.23259964306960143,689
4,1291,1681,2642.09,0.23200475907198095,688
4,1292,1681,2642.1,0.2314098750743605,686
4,1293,1681,2642.1,0.23081499107674003,684
4,1294,1681,2642.1,0.23022010707911958,683
4,1295,1681,2642.1,0.2296252230814991,680
4,1296,1681,2642.11,0.22903033908387865,676
4,1297,1681,2642.11,0.22843545508625818,672
4,1298,1681,2642.11,0.22784057108863773,669
4,1299,1681,2642.12,0.22724568709101725,664
4,1300,1681,2642.12,0.22665080309339677,660
4,1301,1681,2642.13,0.22605591909577633,658
4,1302,1681,2642.13,0.22546103509815585,652
4,1303,1681,2642.13,0.2248661511005354,649
4,1304,1681,2642.13,0.22427126710291492,647
4,1305,1681,2642.14,0.22367638310529447,643
4,1306,1681,2642.14,0.223081499107674,641
4,1307,1681,2642.14,0.22248661511005355,637
4,1308,1681,2642.14,0.22189173111243307,634
4,1309,1681,2642.14,0.22129684711481262,630
4,1310,1681,2642.15,0.22070196311719215,627
4,1311,1681,2642.15,0.2201070791195717,624
4,1312,1681,2642.15,0.21951219512195122,618
4,1313,1681,2642.16,0.21891731112433074,617
4,1314,1681,2642.16,0.2183224271267103,613
4,1315,1681,2642.16,0.21772754312908982,608
4,1316,1681,2642.17,0.21713265913146937,604
4,1317,1681,2642.17,0.2165377751338489,602
4,1318,1681,2642.17,0.21594289113622844,600
4,1319,1681,2642.17,0.21534800713860797,598
4,1320,1681,2642.18,0.21475312314098752,597
4,1321,1681,2642.18,0.21415823914336704,594
4,1322,1681,2642.18,0.2135633551457466,588
4,1323,1681,2642.18,0.21296847114812612,585
4,1324,1681,2642.19,0.21237358715050564,581
4,1325,1681,2642.19,0.2117787031528852,578
4,1326,1681,2642.19,0.2111838191552647,577
4,1327,1681,2642.2,0.21058893515764426,572
4,1328,1681,2642.2,0.2099940511600238,569
4,1329,1681,2642.2,0.20939916716240334,566
4,1330,1681,2642.21,0.20880428316478286,562
4,1331,1681,2642.21,0.2082093991671624,561
4,1332,1681,2642.21,0.20761451516954194,557
4,1333,1681,2642.21,0.2070196311719215,556
4,1334,1681,2642.21,0.206424747174301,554
4,1335,1681,2642.22,0.20582986317668056,550
4,1336,1681,2642.22,0.20523497917906008,546
4,1337,1681,2642.22,0.2046400951814396,543
4,1338,1681,2642.22,0.20404521118381916,541
4,1339,1681,2642.23,0.20345032718619868,539
4,1340,1681,2642.23,0.20285544318857823,538
4,1341,1681,2642.23,0.20226055919095776,536
4,1342,1681,2642.23,0.2016656751933373,530
4,1343,1681,2642.24,0.20107079119571683,529
4,1344,1681,2642.24,0.20047590719809638,528
4,1345,1681,2642.24,0.1998810232004759,526
4,1347,1681,2642.25,0.19869125520523498,524
4,1348,1681,2642.25,0.1980963712076145,521
4,1349,1681,2642.25,0.19750148720999405,518
4,1351,1681,2642.25,0.19631171921475313,514
4,1352,1681,2642.26,0.19571683521713265,511
4,1353,1681,2642.26,0.1951219512195122,508
4,1354,1681,2642.26,0.19452706722189173,504
4,1355,1681,2642.26,0.19393218322427128,500
4,1356,1681,2642.26,0.1933372992266508,499
4,1357,1681,2642.27,0.19274241522903035,495
4,1358,1681,2642.27,0.19214753123140987,493
4,1359,1681,2642.27,0.19155264723378942,490
4,1360,1681,2642.27,0.19095776323616895,485
4,1361,1681,2642.28,0.19036287923854847,482
4,1362,1681,2642.28,0.18976799524092802,478
4,1363,1681,2642.28,0.18917311124330755,475
4,1364,1681,2642.28,0.1885782272456871,471
4,1365,1681,2642.28,0.18798334324806662,469
4,1366,1681,2642.29,0.18738845925044617,466
4,1367,1681,2642.29,0.1867935752528257,463
4,1368,1681,2642.29,0.18619869125520525,462
4,1369,1681,2642.3,0.18560380725758477,461
4,1371,1681,2642.3,0.18441403926234384,459
4,1372,1681,2642.3,0.18381915526472337,456
4,1373,1681,2642.31,0.18322427126710292,452
4,1374,1681,2642.31,0.18262938726948244,447
4,1375,1681,2642.31,0.182034503271862,444
4,1376,1681,2642.31,0.18143961927424151,442
4,1377,1681,2642.31,0.18084473527662107,441
4,1378,1681,2642.32,0.1802498512790006,439
4,1379,1681,2642.32,0.17965496728138014,436
4,1380,1681,2642.32,0.17906008328375966,434
4,1381,1681,2642.33,0.17846519928613921,432
4,1382,1681,2642.33,0.17787031528851874,429
4,1383,1681,2642.33,0.17727543129089826,426
4,1384,1681,2642.34,0.1766805472932778,424
4,1385,1681,2642.34,0.17608566329565734,417
4,1386,1681,2642.34,0.1754907792980369,415
4,1387,1681,2642.34,0.1748958953004164,410
4,1388,1681,2642.34,0.17430101130279596,407
4,1389,1681,2642.35,0.17370612730517548,403
4,1390,1681,2642.35,0.17311124330755503,401
4,1392,1681,2642.35,0.1719214753123141,400
4,1393,1681,2642.35,0.17132659131469363,396
4,1394,1681,2642.36,0.17073170731707318,395
4,1395,1681,2642.36,0.1701368233194527,393
4,1396,1681,2642.36,0.16954193932183223,392
4,1397,1681,2642.36,0.16894705532421178,388
4,1398,1681,2642.37,0.1683521713265913,384
4,1399,1681,2642.37,0.16775728732897086,377
4,1400,1681,2642.37,0.16716240333135038,376
4,1401,1681,2642.38,0.16656751933372993,374
4,1402,1681,2642.38,0.16597263533610945,373
4,1403,1681,2642.39,0.165377751338489,371
4,1404,1681,2642.39,0.16478286734086853,368
4,1405,1681,2642.39,0.16418798334324808,366
4,1406,1681,2642.4,0.1635930993456276,365
4,1407,1681,2642.4,0.16299821534800712,363
4,1408,1681,2642.4,0.16240333135038668,361
4,1410,1681,2642.4,0.16121356335514575,360
4,1411,1681,2642.4,0.16061867935752527,358
4,1412,1681,2642.41,0.16002379535990482,356
4,1413,1681,2642.41,0.15942891136228435,354
4,1414,1681,2642.41,0.1588340273646639,351
4,1415,1681,2642.41,0.15823914336704342,350
4,1416,1681,2642.42,0.15764425936942297,347
4,1417,1681,2642.42,0.1570493753718025,346
4,1418,1681,2642.43,0.15645449137418205,343
4,1419,1681,2642.43,0.15585960737656157,342
4,1420,1681,2642.43,0.1552647233789411,339
4,1421,1681,2642.43,0.15466983938132065,338
4,1422,1681,2642.43,0.15407495538370017,336
4,1423,1681,2642.44,0.15348007138607972,333
4,1425,1681,2642.44,0.1522903033908388,332
4,1426,1681,2642.44,0.15169541939321832,326
4,1429,1681,2642.44,0.14991076740035694,325
4,1430,1681,2642.44,0.14931588340273647,321
4,1431,1681,2642.45,0.148720999405116,319
4,1432,1681,2642.45,0.14812611540749554,317
4,1433,1681,2642.45,0.14753123140987506,315
4,1434,1681,2642.45,0.14693634741225461,314
4,1435,1681,2642.46,0.14634146341463414,313
4,1436,1681,2642.46,0.1457465794170137,310
4,1437,1681,2642.46,0.1451516954193932,306
4,1438,1681,2642.46,0.14455681142177276,303
4,1439,1681,2642.47,0.1439619274241523,300
4,1441,1681,2642.47,0.14277215942891136,295
4,1442,1681,2642.47,0.1421772754312909,289
4,1443,1681,2642.47,0.14158239143367043,288
4,1444,1681,2642.48,0.14098750743604996,283
4,1445,1681,2642.48,0.1403926234384295,280
4,1446,1681,2642.48,0.13979773944080903,277
4,1447,1681,2642.48,0.13920285544318858,276
4,1448,1681,2642.49,0.1386079714455681,275
4,1449,1681,2642.49,0.13801308744794766,273
4,1450,1681,2642.49,0.13741820345032718,272
4,1451,1681,2642.49,0.13682331945270673,269
4,1452,1681,2642.49,0.13622843545508626,266
4,1453,1681,2642.5,0.1356335514574658,264
4,1455,1681,2642.5,0.13444378346222485,262
4,1456,1681,2642.5,0.1338488994646044,260
4,1457,1681,2642.51,0.13325401546698393,258
4,1458,1681,2642.51,0.13265913146936348,257
4,1459,1681,2642.51,0.132064247471743,255
4,1460,1681,2642.51,0.13146936347412255,253
4,1461,1681,2642.52,0.13087447947650208,249
4,1462,1681,2642.52,0.13027959547888163,248
4,1463,1681,2642.52,0.12968471148126115,244
4,1464,1681,2642.52,0.1290898274836407,241
4,1465,1681,2642.52,0.12849494348602022,239
4,1466,1681,2642.53,0.12790005948839978,238
4,1467,1681,2642.53,0.1273051754907793,232
4,1468,1681,2642.54,0.12671029149315882,229
4,1469,1681,2642.54,0.12611540749553837,227
4,1470,1681,2642.54,0.1255205234979179,223
4,1471,1681,2642.54,0.12492563950029745,221
4,1472,1681,2642.54,0.12433075550267698,219
4,1473,1681,2642.54,0.12373587150505651,217
4,1474,1681,2642.55,0.12314098750743604,216
4,1476,1681,2642.55,0.12195121951219512,211
4,1477,1681,2642.55,0.12135633551457466,209
4,1478,1681,2642.55,0.1207614515169542,204
4,1479,1681,2642.55,0.12016656751933373,201
4,1480,1681,2642.56,0.11957168352171327,200
4,1481,1681,2642.56,0.1189767995240928,199
4,1485,1681,2642.56,0.11659726353361094,195
4,1487,1681,2642.56,0.11540749553837001,194
4,1488,1681,2642.57,0.11481261154074955,193
4,1489,1681,2642.57,0.11421772754312909,189
4,1491,1681,2642.57,0.11302795954788816,186
4,1493,1681,2642.58,0.11183819155264724,184
4,1494,1681,2642.58,0.11124330755502677,183
4,1495,1681,2642.58,0.11064842355740631,182
4,1496,1681,2642.58,0.11005353955978585,180
4,1497,1681,2642.58,0.10945865556216537,178
4,1500,1681,2642.59,0.10767400356930398,177
4,1501,1681,2642.59,0.10707911957168352,176
4,1503,1681,2642.59,0.1058893515764426,173
4,1505,1681,2642.59,0.10469958358120167,172
4,1506,1681,2642.59,0.1041046995835812,169
4,1507,1681,2642.59,0.10350981558596074,168
4,1508,1681,2642.6,0.10291493158834028,167
4,1509,1681,2642.6,0.1023200475907198,165
4,1510,1681,2642.6,0.10172516359309934,161
4,1513,1681,2642.61,0.09994051160023795,160
4,1514,1681,2642.61,0.09934562760261749,158
4,1515,1681,2642.61,0.09875074360499703,157
4,1516,1681,2642.61,0.09815585960737656,153
4,1517,1681,2642.62,0.0975609756097561,151
4,1518,1681,2642.62,0.09696609161213564,148
4,1520,1681,2642.62,0.09577632361689471,144
4,1521,1681,2642.62,0.09518143961927424,143
4,1523,1681,2642.63,0.09399167162403331,140
4,1524,1681,2642.63,0.09339678762641285,138
4,1526,1681,2642.63,0.09220701963117192,137
4,1527,1681,2642.63,0.09161213563355146,134
4,1528,1681,2642.64,0.091017251635931,133
4,1529,1681,2642.64,0.09042236763831053,132
4,1530,1681,2642.64,0.08982748364069007,131
4,1533,1681,2642.65,0.08804283164782867,130
4,1535,1681,2642.65,0.08685306365258774,128
4,1536,1681,2642.65,0.08625817965496728,126
4,1539,1681,2642.65,0.08447352766210589,124
4,1540,1681,2642.65,0.08387864366448543,123
4,1542,1681,2642.66,0.0826888756692445,122
4,1544,1681,2642.66,0.08149910767400356,120
4,1547,1681,2642.66,0.07971445568114217,119
4,1548,1681,2642.66,0.07911957168352171,118
4,1549,1681,2642.67,0.07852468768590125,117
4,1550,1681,2642.67,0.07792980368828079,115
4,1551,1681,2642.67,0.07733491969066032,112
4,1552,1681,2642.68,0.07674003569303986,109
4,1554,1681,2642.68,0.07555026769779893,107
4,1556,1681,2642.68,0.074360499702558,106
4,1558,1681,2642.68,0.07317073170731707,105
4,1559,1681,2642.68,0.0725758477096966,103
4,1560,1681,2642.69,0.07198096371207614,102
4,1561,1681,2642.69,0.07138607971445568,101
4,1562,1681,2642.69,0.07079119571683522,98
4,1563,1681,2642.69,0.07019631171921475,97
4,1564,1681,2642.69,0.06960142772159429,95
4,1565,1681,2642.7,0.06900654372397383,94
4,1566,1681,2642.7,0.06841165972635337,92
4,1569,1681,2642.7,0.06662700773349196,91
4,1570,1681,2642.7,0.0660321237358715,90
4,1574,1681,2642.71,0.06365258774538965,89
4,1575,1681,2642.71,0.06305770374776919,88
4,1576,1681,2642.71,0.062462819750148724,87
4,1577,1681,2642.71,0.061867935752528254,85
4,1579,1681,2642.72,0.06067816775728733,83
4,1580,1681,2642.72,0.060083283759666865,82
4,1581,1681,2642.72,0.0594883997620464,79
4,1582,1681,2642.72,0.05889351576442594,77
4,1584,1681,2642.73,0.05770374776918501,76
4,1588,1681,2642.73,0.055324211778703156,75
4,1589,1681,2642.73,0.054729327781082686,73
4,1590,1681,2642.73,0.05413444378346222,72
4,1592,1681,2642.73,0.0529446757882213,70
4,1594,1681,2642.74,0.05175490779298037,69
4,1595,1681,2642.74,0.0511600237953599,68
4,1596,1681,2642.74,0.05056513979773944,67
4,1597,1681,2642.75,0.049970255800118976,66
4,1598,1681,2642.75,0.04937537180249851,65
4,1600,1681,2642.75,0.04818560380725759,64
4,1601,1681,2642.75,0.04759071980963712,63
4,1604,1681,2642.76,0.04580606781677573,59
4,1605,1681,2642.76,0.045211183819155266,58
4,1606,1681,2642.76,0.044616299821534804,56
4,1607,1681,2642.76,0.044021415823914334,55
4,1608,1681,2642.76,0.04342653182629387,54
4,1609,1681,2642.76,0.04283164782867341,53
4,1610,1681,2642.77,0.042236763831052945,50
4,1611,1681,2642.77,0.04164187983343248,49
4,1612,1681,2642.77,0.04104699583581202,47
4,1613,1681,2642.77,0.04045211183819155,45
4,1614,1681,2642.78,0.03985722784057109,43
4,1615,1681,2642.78,0.039262343842950624,40
4,1623,1681,2642.78,0.034503271861986914,38
4,1625,1681,2642.78,0.03331350386674598,36
4,1626,1681,2642.79,0.03271861986912552,33
4,1629,1681,2642.79,0.030933967876264127,32
4,1630,1681,2642.79,0.030339083878643664,30
4,1631,1681,2642.79,0.0297441998810232,29
4,1633,1681,2642.79,0.028554431885782272,28
4,1634,1681,2642.79,0.02795954788816181,26
4,1635,1681,2642.8,0.027364663890541343,25
4,1636,1681,2642.8,0.02676977989292088,24
4,1638,1681,2642.8,0.02558001189767995,22
4,1639,1681,2642.8,0.024985127900059488,21
4,1640,1681,2642.8,0.024390243902439025,20
4,1641,1681,2642.81,0.02379535990481856,19
4,1643,1681,2642.81,0.022605591909577633,17
4,1646,1681,2642.81,0.02082093991671624,16
4,1647,1681,2642.81,0.020226055919095775,15
4,1648,1681,2642.81,0.019631171921475312,14
4,1650,1681,2642.82,0.018441403926234383,12
4,1651,1681,2642.82,0.01784651992861392,11
4,1655,1681,2642.82,0.015466983938132063,10
4,1658,1681,2642.82,0.013682331945270671,8
4,1660,1681,2642.82,0.012492563950029744,7
4,1666,1681,2642.83,0.00892325996430696,6
4,1668,1681,2642.83,0.007733491969066032,5
4,1669,1681,2642.83,0.007138607971445568,4
4,1672,1681,2642.83,0.005353955978584176,3
4,1675,1681,2642.84,0.003569303985722784,2
4,1680,1681,2642.84,0.000594883997620464,1
4,1681,1681,2642.84,0,0
5,0,1691,0.71,1,1
5,220,1691,208.5,0.8698994677705499,38
5,260,1681,386.08,0.8453301606186794,75
5,265,1660,750.3,0.8403614457831325,147
5,267,1660,907.64,0.8391566265060241,182
5,271,1651,1072.5,0.8358570563294972,217
5,274,1651,1217.74,0.8340399757722592,250
5,278,1651,1369.37,0.8316172016959419,283
5,294,1651,1498.43,0.8219261053906723,316
5,300,1590,1638.36,0.8113207547169812,350
5,302,1590,1897.24,0.810062893081761,416
5,305,1590,2276.9,0.8081761006289309,487
5,306,1590,2405.81,0.8075471698113208,520
5,310,1590,2545.71,0.8050314465408805,554
5,311,1590,2900.63,0.8044025157232705,625
5,312,1590,3345.58,0.8037735849056604,720
6,0,62,1.44,1,1
6,9,62,280.72,0.8548387096774194,53
7,0,20470,0.97,1,1
7,2005,20470,371.66,0.9020517830972155,3
7,2025,20470,1049.11,0.9010747435271128,16
7,2055,20470,1360.51,0.899609184171959,24
7,2055,20345,1694.15,0.8989923814204964,27
7,2100,20345,2316.96,0.8967805357581715,42
7,2125,20345,2764.5,0.8955517326124355,44
7,2175,20345,3149.57,0.8930941263209634,51
7,2230,20345,3457.42,0.8903907594003441,59
8,0,74,0.05,1,1
8,23,74,2.93,0.6891891891891891,7
8,25,63,6.99,0.6031746031746031,14
8,25,60,9.08,0.5833333333333334,19
8,27,60,11.51,0.55,25
8,28,60,12.38,0.5333333333333333,30
8,30,60,19.58,0.5,52
8,30,58,24.72,0.4827586206896552,85
8,32,58,24.9,0.4482758620689655,89
8,33,58,26.49,0.43103448275862066,94
8,34,58,35.59,0.41379310344827586,154
8,35,58,37.67,0.39655172413793105,157
8,36,58,39.52,0.3793103448275862,177
8,36,55,43.05,0.34545454545454546,187
8,37,55,49.16,0.32727272727272727,232
8,38,55,52.81,0.3090909090909091,242
8,39,55,62.67,0.2909090909090909,357
8,40,55,68.97,0.2727272727272727,376
8,41,55,86.32,0.2545454545454545,461
8,42,55,105.19,0.23636363636363636,600
8,43,55,124.56,0.21818181818181817,1209
8,44,55,139.93,0.2,1303
8,45,55,157.81,0.18181818181818182,1741
8,46,55,165.91,0.16363636363636364,1927
8,47,55,176.37,0.14545454545454545,1840
8,48,55,178.45,0.12727272727272726,1822
8,49,55,210.42,0.10909090909090909,1829
8,50,55,214.99,0.09090909090909091,1718
8,51,55,237.55,0.07272727272727272,1780
8,52,55,248.1,0.05454545454545454,1621
8,53,55,254.64,0.03636363636363636,1121
8,54,55,272.4,0.01818181818181818,111
8,55,55,274.61,0,0
9,0,74,0.05,1,1
9,22,74,2.53,0.7027027027027027,6
9,25,74,3.06,0.6621621621621622,10
9,25,58,3.61,0.5689655172413793,14
9,28,58,6.42,0.5172413793103449,25
9,28,55,8.2,0.4909090909090909,30
9,30,55,9.44,0.45454545454545453,41
9,31,55,12.28,0.43636363636363634,72
9,33,55,12.4,0.4,75
9,35,55,17.15,0.36363636363636365,129
9,36,55,17.96,0.34545454545454546,149
9,37,55,19.12,0.32727272727272727,176
9,38,55,21.98,0.3090909090909091,186
9,39,55,28.54,0.2909090909090909,300
9,40,55,30.77,0.2727272727272727,306
9,41,55,31.1,0.2545454545454545,317
9,42,55,42.02,0.23636363636363636,463
9,43,55,52.07,0.21818181818181817,961
9,44,55,59.65,0.2,1024
9,45,55,69.2,0.18181818181818182,1373
9,46,55,72.93,0.16363636363636364,1493
9,47,55,75.76,0.14545454545454545,1398
9,48,55,76.76,0.12727272727272726,1371
9,49,55,84.01,0.10909090909090909,1374
9,50,55,86.35,0.09090909090909091,1262
9,51,55,95.72,0.07272727272727272,1101
9,52,55,98.44,0.05454545454545454,982
9,53,55,101.66,0.03636363636363636,604
9,54,55,104.19,0.01818181818181818,87
9,55,55,105.1,0,0
10,0,8424,1.02,1,1
10,1556,8424,189.85,0.8152896486229819,42
10,1595,8424,368.27,0.8106600189933523,82
10,1599,8424,546.96,0.8101851851851852,123
10,1600,8424,715.2,0.8100664767331434,163
10,1679,8424,894.24,0.8006885090218424,203
10,1686,8424,1062.45,0.7998575498575499,242
10,1688,8424,1241.64,0.7996201329534662,282
10,1690,8424,1411.97,0.7993827160493827,323
10,1691,8424,1580.13,0.799264007597341,363
10,1692,8424,1737.93,0.7991452991452992,403
10,1694,8424,1917.76,0.7989078822412156,444
10,1698,8424,2097.77,0.7984330484330484,484
10,1700,8424,2268.3,0.7981956315289649,523
10,1702,8424,2436.63,0.7979582146248813,562
10,1704,8424,2602.98,0.7977207977207977,601
10,1707,8424,2773.45,0.7973646723646723,640
10,1708,8424,3298.6,0.7972459639126306,760
11,0,11032,0.89,1,1
11,1702,11032,178.97,0.8457215373459028,32
11,1711,11032,346.26,0.8449057287889775,63
11,1743,9493,520.34,0.8163910249657642,95
11,1749,9493,688.77,0.8157589803012746,127
11,1772,9493,855.45,0.813336142420731,157
11,1781,9493,1011.13,0.8123880754239966,186
11,1812,9493,1179.95,0.8091225113241336,216
11,1813,9493,1347.91,0.8090171705467186,246
11,1816,9493,1514.66,0.8087011482144738,277
11,1832,9059,1682.33,0.7977701733083121,307
11,1842,9059,1850.37,0.7966662987084667,337
11,1844,9059,2011.77,0.7964455237884976,366
11,1845,9059,2316.86,0.796335136328513,424
11,1846,9059,2472.76,0.7962247488685286,453
11,1848,9059,2629.13,0.7960039739485595,483
11,1849,9059,2956.86,0.7958935864885749,542
11,1852,9059,3112.95,0.7955624241086212,571
11,1854,9059,3276.33,0.7953416491886521,602
11,1856,9059,3448.16,0.795120874268683,632
12,0,12740,0.46,1,1
12,2240,12740,147.25,0.8241758241758241,21
12,2301,12740,308.47,0.8193877551020409,42
12,2345,12598,451.98,0.8138593427528179,61
12,2369,12598,586.83,0.8119542784568979,80
12,2384,12598,737.61,0.8107636132719479,100
12,2386,12598,868.43,0.8106048579139546,119
12,2400,12598,1019.3,0.8094935704080013,139
12,2424,12598,1152.79,0.8075885061120813,157
12,2427,12598,1283.45,0.8073503730750913,176
12,2440,12598,1413.51,0.8063184632481346,194
12,2441,12598,1544.94,0.8062390855691379,213
12,2449,12598,1675.07,0.8056040641371647,231
12,2454,12598,1792.66,0.8052071757421813,248
12,2455,12598,1922.42,0.8051277980631847,266
12,2458,12598,2040.33,0.8048896650261946,284
12,2459,12598,2186.63,0.804810287347198,304
12,2461,12598,2317.47,0.8046515319892046,323
12,2473,12598,2451.01,0.8036989998412446,343
12,2476,12598,2606.07,0.8034608668042547,364
12,2477,12598,2742.31,0.803381489125258,383
12,2478,12598,2888.26,0.8033021114462613,403
12,2486,12598,3017.33,0.8026670900142879,421
12,2487,12598,3147.1,0.8025877123352914,440
12,2492,12598,3268.56,0.8021908239403079,459
12,2493,12598,3398.14,0.8021114462613114,477
13,0,15620,0.22,1,1
13,2671,15620,26.86,0.8290012804097311,11
13,2811,15510,55.87,0.8187620889748549,20
13,2899,15510,78.81,0.8130883301096067,29
13,2903,15506,103.85,0.8127821488456082,37
13,2910,15506,126.36,0.8123307106926351,46
13,2943,15506,154.55,0.8102025022571908,56
13,2984,15506,179.38,0.8075583645040629,64
13,3023,15467,200.39,0.8045516260425422,72
13,3051,15353,221.58,0.8012766234612128,80
13,3054,15353,247.59,0.8010812219110272,90
13,3055,15321,269.76,0.8006004829971934,99
13,3082,15321,297.81,0.7988381959402128,107
13,3110,15321,319.82,0.7970106389922329,114
13,3124,15170,345.74,0.794067237969677,123
13,3125,15170,368.25,0.7940013183915623,132
13,3141,15170,393.55,0.7929466051417271,140
13,3144,15170,414.55,0.792748846407383,148
13,3153,15170,438.48,0.7921555702043507,157
13,3154,15027,459.98,0.7901111332934052,165
13,3169,14955,485.48,0.7880976262119692,173
13,3171,14955,508.02,0.7879638916750251,180
13,3177,14955,533.05,0.7875626880641926,189
13,3179,14910,559.4,0.7867873910127431,199
13,3181,14910,584.87,0.786653252850436,207
13,3183,14910,610.25,0.7865191146881287,215
13,3188,14910,635.86,0.7861837692823608,225
13,3194,14910,659.49,0.7857813547954393,234
13,3206,14910,684.53,0.7849765258215963,243
13,3209,14910,710.93,0.7847753185781354,253
13,3214,14910,737.42,0.7844399731723676,262
13,3227,14910,758.45,0.7835680751173709,270
13,3235,14910,784.09,0.7830315224681422,278
13,3243,14910,809.28,0.7824949698189135,287
13,3268,14910,834.86,0.7808182427900737,297
13,3272,14910,857.37,0.7805499664654594,305
13,3279,14910,879.27,0.7800804828973843,313
13,3283,14910,901.27,0.77981220657277,322
13,3286,14910,926.38,0.7796109993293092,330
13,3287,14910,954.2,0.7795439302481556,337
13,3292,14910,978.37,0.7792085848423876,347
13,3302,14867,1000.88,0.777897356561512,354
13,3310,14867,1028.18,0.7773592520347078,363
13,3313,14867,1049.33,0.7771574628371561,371
13,3330,14867,1074.58,0.7760139907176969,380
13,3334,14867,1099.63,0.7757449384542947,387
13,3350,14867,1122.47,0.7746687294006861,396
13,3359,14867,1144.33,0.7740633618080313,405
13,3368,14867,1166.71,0.7734579942153763,413
13,3369,14867,1189.07,0.7733907311495258,420
13,3374,14867,1212.22,0.7730544158202731,429
13,3376,14867,1234.29,0.7729198896885721,437
13,3382,14867,1260.19,0.7725163112934688,445
13,3383,14867,1305.64,0.7724490482276182,461
13,3385,14867,1334.08,0.7723145220959171,469
13,3391,14867,1358.93,0.7719109437008139,476
13,3400,14867,1380.19,0.771305576108159,484
13,3401,14867,1401.41,0.7712383130423085,492
13,3411,14867,1425.84,0.7705656823838031,501
13,3412,14867,1452.19,0.7704984193179525,510
13,3414,14867,1474.76,0.7703638931862514,519
13,3419,14867,1499.76,0.7700275778569987,525
13,3420,14867,1525.18,0.7699603147911481,533
13,3424,14867,1549.04,0.769691262527746,541
13,3426,14867,1571.18,0.7695567363960449,548
13,3427,14867,1593.35,0.7694894733301944,555
13,3432,14867,1616.5,0.7691531580009416,564
13,3434,14867,1638.44,0.7690186318692406,573
13,3435,14867,1662.78,0.7689513688033901,580
13,3437,14867,1687.23,0.7688168426716889,589
13,3440,14867,1716.14,0.7686150534741374,597
13,3446,14867,1739.86,0.7682114750790341,606
13,3458,14867,1768.71,0.7674043182888276,615
13,3461,14867,1789.51,0.767202529091276,623
13,3462,14867,1811.78,0.7671352660254255,632
13,3465,14867,1835.96,0.7669334768278738,639
13,3468,14867,1856.39,0.7667316876303222,647
13,3473,14867,1879.05,0.7663953723010695,657
13,3476,14867,1954.21,0.7661935831035178,683
13,3478,14867,1998.98,0.7660590569718168,700
13,3480,14867,2042.72,0.7659245308401157,718
13,3483,14867,2063.2,0.765722741642564,727
13,3484,14867,2087.93,0.7656554785767136,735
13,3494,14867,2131.6,0.7649828479182081,750
13,3501,14867,2155.84,0.7645120064572544,759
13,3504,14867,2180.15,0.7643102172597027,765
13,3506,14867,2202.76,0.7641756911280017,773
13,3507,14867,2230.54,0.7641084280621511,782
13,3510,14867,2254.89,0.7639066388645994,789
13,3513,14867,2274.36,0.7637048496670478,796
13,3515,14867,2295.52,0.7635703235353467,802
13,3517,14867,2349.41,0.7634357974036456,818
13,3518,14867,2371.14,0.7633685343377952,825
13,3525,14867,2393.03,0.7628976928768413,832
13,3526,14867,2436.47,0.7628304298109908,850
13,3541,14867,2460.13,0.7618214838232327,859
13,3542,14867,2509.87,0.7617542207573821,876
13,3545,14867,2531.92,0.7615524315598305,885
13,3546,14867,2608.5,0.76148516849398,909
13,3547,14867,2630.35,0.7614179054281294,916
13,3554,14867,2652.18,0.7609470639671756,924
13,3555,14867,2677.31,0.7608798009013251,933
13,3557,14867,2699.19,0.760745274769624,940
13,3558,14867,2723.32,0.7606780117037735,947
13,3560,14867,2745.09,0.7605434855720724,954
13,3562,14867,2767.36,0.7604089594403713,961
13,3563,14867,2790.61,0.7603416963745208,970
13,3565,14867,2811.98,0.7602071702428197,977
13,3567,14867,2832.8,0.7600726441111186,985
13,3568,14867,2854.4,0.760005381045268,992
13,3569,14867,2897.14,0.7599381179794175,1007
13,3570,14867,2939.52,0.759870854913567,1024
13,3571,14867,2962.89,0.7598035918477164,1033
13,3576,14867,2984.7,0.7594672765184637,1040
13,3577,14867,3011.24,0.7594000134526132,1049
13,3591,14867,3035.86,0.7584583305307055,1059
13,3593,14867,3060.04,0.7583238043990045,1065
13,3596,14867,3082.49,0.7581220152014528,1074
13,3597,14867,3108.89,0.7580547521356024,1084
13,3599,14867,3152.19,0.7579202260039013,1099
13,3600,14867,3175.87,0.7578529629380507,1109
13,3601,14867,3197.96,0.7577856998722001,1115
13,3602,14867,3220.5,0.7577184368063496,1122
13,3603,14867,3265.72,0.7576511737404991,1138
13,3606,14867,3289.94,0.7574493845429474,1147
13,3608,14867,3318.11,0.7573148584112463,1156
13,3609,14867,3340.82,0.7572475953453959,1164
13,3610,14867,3365.13,0.7571803322795453,1173
13,3611,14867,3393.02,0.7571130692136948,1180
13,3612,14867,3465.0,0.7570458061478442,1202
13,3613,14867,3490.08,0.7569785430819936,1209
13,3614,14867,3518.27,0.7569112800161432,1218
13,3617,14867,3562.95,0.7567094908185915,1233
13,3619,14867,3587.75,0.7565749646868904,1240
14,0,43098,1.88,1,1
14,25376,43098,484.04,0.4112023759803239,55
14,25454,43098,947.52,0.40939254721796836,108
14,25487,43097,1406.05,0.4086131285240272,162
14,25495,41686,1858.61,0.38840378064578035,215
14,25502,41686,2323.97,0.3882358585616274,268
14,25505,41686,2780.51,0.38816389195413326,321
14,25507,41686,3215.35,0.3881159142158039,373
15,0,43047,1.6,1,1
15,25103,43047,483.85,0.4168467024415174,44
15,25185,43047,944.21,0.4149418077914837,86
15,25239,43047,1405.27,0.4136873649731689,129
15,25244,42901,1864.02,0.4115754877508683,171
15,25254,42901,2325.08,0.4113423929512133,213
15,25259,42901,2786.25,0.41122584555138575,255
15,25261,42901,3245.14,0.4111792265914547,297
16,0,47924,0.95,1,1
16,25550,47924,247.64,0.46686420165261666,27
16,25568,47924,474.91,0.4664886069610216,52
16,25611,47924,700.22,0.4655913529755446,77
16,25673,47806,928.62,0.4629753587415806,102
16,25712,47806,1182.24,0.4621595615613103,128
16,25745,47806,1410.01,0.46146927163954315,153
16,25777,47806,1634.6,0.4607998995941932,178
16,25781,47806,1857.14,0.46071622808852447,203
16,25787,47806,2133.14,0.46059072083002134,229
16,25795,47806,2340.01,0.46042337781868387,253
16,25807,47806,2570.09,0.4601723633016776,278
16,25820,47806,2793.95,0.4599004309082542,303
16,25877,47806,3017.84,0.4587081119524746,328
16,25891,47806,3454.3,0.45841526168263397,377
17,0,57247,0.36,1,1
17,30068,57247,51.68,0.47476723671109405,14
17,30172,56937,96.41,0.4700809666824736,26
17,30189,56937,141.02,0.46978239106380737,38
17,30225,56937,185.79,0.46915011328310235,50
17,30350,56937,240.82,0.46695470432232117,62
17,30375,56937,286.56,0.46651562253016493,74
17,30458,56937,337.76,0.4650578709802062,88
17,30463,56937,381.92,0.46497005462177493,101
17,30493,56937,426.62,0.46444315647118745,113
17,30520,56937,474.21,0.4639689481356587,124
17,30528,56937,512.76,0.4638284419621687,135
17,30539,56937,552.13,0.46363524597362,146
17,30542,56937,591.63,0.4635825561585612,157
17,30550,56937,631.28,0.4634420499850712,168
17,30575,56937,669.67,0.463002968192915,179
17,30585,56766,713.82,0.4612091745058662,192
17,30604,56766,768.04,0.4608744671105944,205
17,30606,56766,815.3,0.4608392347531973,216
17,30632,56766,863.91,0.4603812141070359,227
17,30645,56766,908.47,0.46015220378395516,240
17,30666,56766,958.48,0.45978226403128636,253
17,30675,56766,1002.83,0.4596237184229997,266
17,30685,56766,1041.26,0.4594475566360145,277
17,30774,56766,1086.99,0.4578797167318465,289
17,30777,56766,1125.17,0.45782686819575097,300
17,30821,56766,1172.57,0.45705175633301626,311
17,30827,56766,1211.08,0.45694605926082515,322
17,30828,56766,1258.25,0.4569284430821266,333
17,30852,56766,1297.43,0.45650565479336225,344
17,30853,56766,1335.79,0.4564880386146637,355
17,30857,56766,1376.31,0.45641757389986964,365
17,30890,56766,1409.45,0.4558362400028186,375
17,30890,56678,1464.09,0.45499135467024243,387
17,30892,56678,1510.75,0.4549560676100074,399
17,30894,56678,1557.87,0.4549207805497724,410
17,30896,56678,1602.39,0.4548854934895374,422
17,30899,56678,1640.86,0.4548325628991849,433
17,30905,56678,1713.39,0.45472670171847984,454
17,30912,56678,1751.82,0.4546031970076573,465
17,30916,56678,1790.03,0.45453262288718727,476
17,30927,56678,1837.27,0.4543385440558947,487
17,30939,56678,1877.52,0.45412682169448465,498
17,30944,56678,1917.97,0.4540386040438971,508
17,30951,56678,1957.36,0.45391509933307456,519
17,30953,56678,1990.23,0.4538798122728395,529
17,30961,56678,2028.69,0.4537386640318995,540
17,30984,56678,2073.07,0.4533328628391969,553
17,30987,56678,2111.5,0.45327993224884433,564
17,30988,56678,2159.68,0.45326228871872687,575
17,30991,56678,2192.12,0.4532093581283743,585
17,30993,56678,2232.56,0.45317407106813934,595
17,31002,56678,2271.93,0.45301527929708174,606
17,31020,56678,2304.72,0.45269769575496666,616
17,31030,56678,2343.19,0.4525212604537916,627
17,31035,56678,2387.75,0.45243304280320407,639
17,31037,56678,2420.24,0.45239775574296903,649
17,31042,56678,2452.6,0.4523095380923815,659
17,31044,56678,2485.12,0.4522742510321465,669
17,31047,56678,2533.58,0.452221320441794,681
17,31053,56678,2616.01,0.452115459261089,705
17,31058,56678,2654.24,0.45202724161050145,717
17,31065,56678,2692.37,0.4519037368996789,729
17,31084,56678,2731.11,0.4515685098274463,740
17,31088,56678,2777.14,0.45149793570697627,752
17,31102,56678,2819.77,0.45125092628533114,762
17,31103,56678,2861.65,0.4512332827552137,773
17,31124,56678,2911.79,0.45086276862274605,785
17,31125,56678,2961.23,0.45084512509262853,796
17,31130,56678,3004.07,0.450756907442041,806
17,31131,56678,3044.39,0.4507392639119235,817
17,31140,56678,3125.84,0.45058047214086594,839
17,31143,56678,3165.54,0.45052754155051344,851
17,31146,56678,3199.73,0.4504746109601609,861
17,31147,56678,3242.09,0.4504569674300434,871
17,31152,56678,3284.3,0.45036874977945585,881
17,31154,56678,3329.84,0.45033346271922087,893
17,31171,56678,3372.36,0.45003352270722324,903
17,31174,56678,3407.1,0.44998059211687075,913
17,31178,56678,3450.29,0.44991001799640074,923
17,31181,56366,3499.46,0.44681190788773373,934
17,31185,56366,3539.57,0.44674094312174006,946
17,31186,56366,3580.02,0.4467232019302416,958
18,0,49358,4.4,1,1
18,10657,49358,1749.96,0.7840876858867863,77
18,10683,48866,3395.34,0.7813817378136128,152
19,0,52052,3.45,1,1
19,10471,52052,1443.52,0.7988357796050104,63
19,10706,52038,2897.93,0.7942657288904262,125
20,0,58562,2.09,1,1
20,11949,58562,1391.3,0.795959837437246,33
20,12078,58562,2713.63,0.7937570438168096,64
21,0,89152,0.99,1,1
21,13524,89152,218.24,0.8483040201005025,18
21,13550,83450,416.5,0.8376273217495507,35
21,13948,83450,651.26,0.8328579988016777,52
21,13952,83450,850.94,0.8328100659077292,68
21,14011,83450,1056.24,0.8321030557219892,84
21,14069,83450,1256.4,0.8314080287597364,100
21,14075,83450,1459.07,0.8313361294188136,117
21,14137,83450,1669.17,0.8305931695626123,133
21,14250,83450,1876.07,0.8292390653085681,150
21,14384,83450,2078.14,0.8276333133612942,167
21,14410,83192,2291.11,0.8267862294451389,184
21,14430,83192,2665.5,0.8265458217136263,216
21,14437,83192,2849.34,0.8264616790075969,232
21,14476,82672,3035.75,0.8248983936520224,248
21,14507,82672,3251.56,0.8245234178440101,264
21,14511,82672,3467.19,0.8244750338687826,281
22,0,29555,0.65,1,1
22,575,29555,104.1,0.980544747081712,36
22,600,29555,199.44,0.9796988665200473,70
22,600,29520,744.39,0.9796747967479674,267
22,605,29520,1154.37,0.9795054200542005,427
22,605,29460,1244.02,0.9794636795655126,461
22,610,29460,2731.23,0.9792939579090292,1033
23,0,30820,0.44,1,1
23,430,30820,86.39,0.9860480207657365,25
23,430,29970,164.19,0.9856523189856523,48
23,430,29740,235.66,0.9855413584398117,70
23,435,29740,383.82,0.9853732347007398,114
23,440,29740,600.82,0.9852051109616677,181
23,440,29625,671.75,0.9851476793248946,203
23,440,29020,736.36,0.9848380427291523,224
23,445,29020,870.51,0.9846657477601654,266
23,455,29020,937.51,0.9843211578221915,287
23,460,29020,1751.16,0.9841488628532047,547
24,0,29530,0.29,1,1
24,520,29530,50.68,0.9823907890281071,16
24,645,29530,98.8,0.978157805621402,30
24,655,29530,144.09,0.9778191669488656,44
24,660,29530,189.55,0.9776498476125973,58
24,665,29530,230.55,0.9774805282763291,71
24,670,29530,272.37,0.977311208940061,84
24,675,29530,309.5,0.9771418896037928,96
24,680,29530,350.84,0.9769725702675246,111
24,685,29530,481.11,0.9768032509312563,151
24,690,29530,518.04,0.9766339315949881,165
24,700,29530,689.26,0.9762952929224518,218
24,705,29530,891.7,0.9761259735861836,282
24,710,29530,1079.45,0.9759566542499153,348
24,715,29530,1153.29,0.9757873349136471,372
24,720,29530,1433.82,0.9756180155773789,474
24,725,29530,1466.73,0.9754486962411107,487
24,730,29530,1630.69,0.9752793769048426,549
24,735,29530,1739.57,0.9751100575685744,590
24,740,29530,1986.56,0.9749407382323061,679
24,745,29530,2616.97,0.9747714188960379,893
24,750,29530,2967.23,0.9746020995597697,1016
25,0,83985,0.17,1,1
25,1125,83985,26.59,0.9866047508483657,8
25,1155,83985,47.42,0.9862475442043221,14
25,1180,83985,72.34,0.9859498720009525,19
25,1205,83985,88.72,0.9856521997975829,24
25,1210,83985,161.83,0.9855926653569089,50
25,1225,83985,181.44,0.9854140620348871,55
25,1230,83985,202.65,0.9853545275942133,65
25,1235,83985,235.35,0.9852949931535393,77
25,1240,83985,259.67,0.9852354587128654,83
25,1240,83910,274.29,0.9852222619473245,87
25,1245,83910,295.32,0.9851626742938863,93
25,1250,83880,310.02,0.9850977587029089,97
25,1255,83880,331.48,0.9850381497377205,107
25,1260,83880,428.6,0.9849785407725322,140
25,1265,83880,482.01,0.9849189318073438,160
25,1270,83880,513.8,0.9848593228421555,169
25,1280,83880,589.39,0.9847401049117788,191
25,1285,83880,665.54,0.9846804959465904,218
25,1290,83880,732.99,0.984620886981402,243
25,1295,83880,778.61,0.9845612780162136,256
25,1300,83880,828.52,0.9845016690510253,271
25,1305,83880,850.03,0.9844420600858369,277
25,1310,83880,968.47,0.9843824511206486,332
25,1320,83880,1018.17,0.9842632331902719,352
25,1325,83880,1044.09,0.9842036242250835,360
25,1330,83880,1073.36,0.984144015259895,370
25,1335,83880,1231.92,0.9840844062947067,430
25,1340,83880,1391.32,0.9840247973295183,486
25,1345,83880,1487.46,0.98396518836433,517
25,1350,83880,1625.95,0.9839055793991416,565
25,1355,83880,1656.81,0.9838459704339533,575
25,1360,83880,1746.32,0.9837863614687649,602
25,1365,83880,1899.28,0.9837267525035766,655
25,1370,83880,2105.11,0.9836671435383881,735
25,1375,83880,2155.3,0.9836075345731998,764
25,1380,83880,2244.87,0.9835479256080114,795
25,1385,83880,2340.69,0.9834883166428231,841
25,1390,83880,2510.49,0.9834287076776347,918
25,1395,83880,2698.39,0.9833690987124464,1005
25,1400,83880,2807.14,0.983309489747258,1053
25,1405,83880,2882.35,0.9832498807820697,1081
25,1410,83880,2952.01,0.9831902718168812,1116
25,1415,83880,3143.68,0.9831306628516929,1197
25,1420,83880,3341.06,0.9830710538865045,1295
25,1425,83880,3514.59,0.9830114449213162,1365
26,0,308,0.55,1,1
26,64,308,107.28,0.7922077922077922,31
26,79,307,205.06,0.742671009771987,60
26,80,292,302.78,0.726027397260274,89
26,81,292,466.24,0.7226027397260274,150
26,82,292,544.51,0.7191780821917808,180
26,83,292,678.58,0.7157534246575342,237
26,84,292,960.97,0.7123287671232876,322
26,85,292,1200.13,0.708904109589041,405
26,86,292,1276.18,0.7054794520547946,435
26,87,292,1722.15,0.702054794520548,576
26,88,292,2051.69,0.6986301369863014,690
26,89,292,2742.36,0.6952054794520548,971
26,90,292,3100.44,0.6917808219178082,1108
26,90,290,3190.56,0.6896551724137931,1136
26,90,289,3266.62,0.6885813148788927,1166
27,0,1920,3.58,1,1
27,153,1920,1516.48,0.9203125,57
27,157,1886,2988.43,0.9167550371155886,113
28,0,406,0.68,1,1
28,66,406,80.16,0.8374384236453202,4
28,74,406,152.19,0.8177339901477833,6
28,74,405,230.62,0.817283950617284,37
28,74,402,390.81,0.8159203980099502,97
28,76,402,469.01,0.8109452736318408,126
28,77,398,857.29,0.8065326633165829,244
28,77,394,1095.29,0.8045685279187818,333
28,78,394,1395.0,0.8020304568527918,448
28,78,393,1796.33,0.8015267175572519,591
28,79,393,1867.47,0.7989821882951654,619
28,79,389,2250.51,0.7969151670951157,766
28,80,389,2316.04,0.794344473007712,794
29,0,583,0.56,1,1
29,48,583,86.97,0.9176672384219554,3
29,50,583,364.7,0.9142367066895368,31
29,52,583,451.06,0.9108061749571184,32
29,53,583,718.32,0.9090909090909091,106
29,54,583,1283.64,0.9073756432246999,258
29,55,583,1373.67,0.9056603773584906,283
29,57,583,1556.78,0.902229845626072,333
29,58,583,1638.82,0.9005145797598628,357
29,59,583,2074.92,0.8987993138936535,481
29,60,583,2254.96,0.8970840480274442,507
29,61,583,2777.47,0.8953687821612349,660
29,62,583,3353.96,0.8936535162950258,810
30,0,1181,1.27,1,1
30,69,1181,26.41,0.9415749364944962,6
30,71,1181,207.16,0.9398814563928873,33
30,73,1181,361.05,0.9381879762912786,45
30,75,1181,463.07,0.9364944961896697,59
30,76,1181,564.27,0.9356477561388654,73
30,77,1181,719.3,0.934801016088061,85
30,79,1181,770.04,0.9331075359864521,89
30,80,1181,951.06,0.9322607959356477,111
30,81,1181,1001.43,0.9314140558848434,115
30,82,1181,1178.93,0.930567315834039,138
30,83,1181,1507.94,0.9297205757832345,167
30,84,1181,1738.74,0.9288738357324301,188
30,85,1181,1865.06,0.9280270956816258,197
30,87,1181,1941.75,0.9263336155800169,204
30,88,1181,2508.66,0.9254868755292125,319
30,89,1181,3022.31,0.9246401354784082,394
31,0,1905,2.65,1,1
31,81,1905,86.06,0.9574803149606299,10
31,85,1905,128.84,0.9553805774278216,18
31,85,1882,171.93,0.9548352816153028,26
31,86,1870,214.8,0.9540106951871657,34
31,87,1870,258.9,0.953475935828877,42
31,100,1870,302.65,0.946524064171123,50
31,105,1870,476.07,0.9438502673796791,82
31,106,1870,518.76,0.9433155080213904,90
31,108,1870,732.84,0.9422459893048128,124
31,110,1870,775.86,0.9411764705882353,131
31,110,1856,818.36,0.9407327586206896,138
31,110,1845,1165.92,0.940379403794038,185
31,111,1845,1295.75,0.9398373983739837,200
31,112,1845,1466.47,0.9392953929539295,222
31,113,1845,1808.45,0.9387533875338754,266
31,114,1845,2025.88,0.9382113821138212,292
31,115,1845,3230.25,0.9376693766937669,406
32,0,2174,4.18,1,1
32,347,2174,44.41,0.8403863845446182,2
32,351,2174,87.26,0.8385464581416743,7
32,351,2172,130.93,0.8383977900552486,13
32,352,2172,218.2,0.8379373848987108,22
32,353,2172,261.13,0.8374769797421732,27
32,354,2172,348.9,0.8370165745856354,35
32,355,2172,481.52,0.8365561694290976,48
32,356,2172,834.35,0.8360957642725598,83
32,357,2172,1091.57,0.835635359116022,110
32,358,2172,1347.33,0.8351749539594844,131
32,359,2172,1433.43,0.8347145488029466,139
32,360,2172,1735.27,0.8342541436464088,164
32,361,2172,2675.43,0.833793738489871,261
32,362,2172,3486.59,0.8333333333333334,337
33,0,3179,12.5,1,1
33,347,3179,97.26,0.8908461780434099,2
33,351,3179,188.5,0.8895879207297892,7
33,351,3177,281.84,0.8895184135977338,13
33,352,3177,468.71,0.8892036512433114,22
33,353,3177,561.96,0.8888888888888888,27
33,354,3177,744.81,0.8885741265344664,35
33,355,3177,1030.4,0.888259364180044,48
33,356,3177,1787.63,0.8879446018256216,83
33,357,3177,2362.48,0.8876298394711992,110
33,358,3177,2944.17,0.8873150771167768,131
33,359,3177,3141.4,0.8870003147623544,139
34,0,3490,31.44,1,1
34,89,3490,401.82,0.9744985673352435,3
34,94,3490,787.57,0.9730659025787965,4
34,94,3486,1173.37,0.9730349971313826,5
34,94,3476,1552.54,0.9729574223245109,24
34,96,3476,2290.08,0.9723820483314154,61
34,98,3476,2638.27,0.9718066743383199,79
34,99,3476,3309.87,0.9715189873417721,114
35,0,3048,38.98,1,1
35,74,3048,349.77,0.9757217847769029,4
35,74,3047,993.76,0.9757138168690516,22
35,74,3040,1302.36,0.9756578947368421,37
35,78,3016,1923.84,0.9741379310344828,66
35,82,3016,2500.61,0.9728116710875332,93
35,84,3016,3076.31,0.9721485411140584,120
36,0,3401,49.27,1,1
36,86,3401,405.07,0.9747133196118789,3
36,86,3315,785.63,0.9740573152337858,4
36,88,3289,1514.37,0.9732441471571907,33
36,88,3280,3324.76,0.973170731707317,92
37,0,3385,52.0,1,1
37,41,3385,537.25,0.987887740029542,3
37,43,3385,2085.72,0.9872968980797636,20
37,44,3385,3138.41,0.9870014771048744,35
38,0,17931,1.0,1,1
38,5134,17931,151.69,0.713680218615805,37
38,5147,17612,289.2,0.7077560754031342,72
38,5159,17612,426.34,0.7070747217806042,107
38,5234,17612,567.87,0.702816261639791,142
38,5245,17612,705.78,0.7021916874858052,177
38,5246,17612,846.42,0.702134908017261,212
38,5303,17481,984.68,0.6966420685315485,247
38,5308,17481,1124.36,0.6963560437045936,282
38,5322,17481,1254.63,0.6955551741891196,316
38,5331,17481,1384.52,0.6950403295006007,350
38,5355,17464,1525.88,0.6933692166743014,386
38,5371,17464,1659.95,0.6924530462666056,420
38,5373,17464,1797.93,0.6923385249656436,455
38,5382,17464,1938.69,0.6918231791113147,490
38,5391,17464,2204.07,0.6913078332569857,558
38,5401,17464,2333.88,0.6907352267521759,592
38,5415,17464,2462.52,0.689933577645442,626
38,5416,17464,2594.09,0.6898763169949611,660
38,5424,17464,2723.06,0.6894182317911132,694
38,5425,17464,2851.68,0.6893609711406321,728
38,5444,17464,2981.34,0.6882730187814934,762
38,5452,17464,3100.54,0.6878149335776454,795
38,5453,17464,3229.94,0.6877576729271645,829
38,5468,17464,3362.01,0.6868987631699496,863
38,5470,17464,3490.74,0.6867842418689877,897
39,0,21057,0.71,1,1
39,5064,21057,122.04,0.7595099016953982,28
39,5114,19685,234.13,0.7402082804165608,54
39,5165,19685,349.16,0.7376174752349505,80
39,5231,19685,465.37,0.734264668529337,108
39,5284,19023,577.42,0.7222309835462335,134
39,5314,19023,689.41,0.7206539452242022,160
39,5357,18060,799.76,0.7033776301218162,187
39,5375,18060,911.65,0.7023809523809523,213
39,5409,18060,1027.27,0.7004983388704319,240
39,5453,18060,1248.29,0.6980620155038759,291
39,5460,18060,1355.13,0.6976744186046512,317
39,5484,18060,1462.22,0.6963455149501662,343
39,5487,18060,1566.48,0.6961794019933555,368
39,5507,18060,1674.62,0.6950719822812846,395
39,5509,18060,1786.78,0.6949612403100776,422
39,5524,18060,1896.71,0.6941306755260244,448
39,5538,18060,2008.72,0.6933554817275748,475
39,5539,18060,2115.57,0.6933001107419712,501
39,5548,18060,2217.19,0.6928017718715394,526
39,5549,18060,2322.15,0.6927464008859358,551
39,5552,18060,2426.45,0.6925802879291252,576
39,5554,18060,2541.69,0.6924695459579181,603
39,5563,18060,2649.18,0.6919712070874862,628
39,5575,18060,2747.08,0.6913067552602437,652
39,5577,18060,2855.6,0.6911960132890366,679
39,5580,18060,2964.32,0.6910299003322259,706
39,5581,18060,3063.92,0.6909745293466224,731
39,5585,18060,3172.51,0.6907530454042082,758
39,5595,18060,3277.2,0.6901993355481728,784
39,5598,18060,3382.79,0.6900332225913621,809
39,5606,18060,3489.83,0.6895902547065338,834
40,0,23688,0.43,1,1
40,5881,23688,76.06,0.7517308341776426,19
40,5944,23688,150.91,0.7490712597095576,36
40,5982,23688,222.29,0.747467071935157,54
40,6024,21407,292.66,0.7185967206988368,71
40,6113,21407,361.89,0.7144392021301443,88
40,6235,21407,434.9,0.7087401317326109,105
40,6275,21407,503.27,0.7068715840612884,122
40,6276,21407,578.69,0.7068248703695053,139
40,6280,21153,642.54,0.7031153973431664,155
40,6302,21153,706.68,0.7020753557415024,172
40,6313,21153,775.38,0.7015553349406703,190
40,6323,21153,841.1,0.7010825887580958,206
40,6335,21153,904.02,0.7005152933390063,223
40,6348,21142,979.63,0.6997445842399016,239
40,6357,21142,1045.13,0.6993188913064043,257
40,6374,21142,1110.87,0.6985148046542428,275
40,6378,21142,1175.36,0.6983256077949106,292
40,6386,21142,1245.38,0.6979472140762464,309
40,6392,21142,1310.54,0.6976634187872481,326
40,6395,21142,1377.6,0.697521521142749,343
40,6405,21142,1444.63,0.6970485289944187,360
40,6406,21142,1509.27,0.6970012297795857,377
40,6417,21142,1569.46,0.6964809384164223,394
40,6420,21142,1637.92,0.6963390407719232,411
40,6426,21142,1703.96,0.696055245482925,428
40,6435,21142,1763.49,0.6956295525494277,444
40,6438,21142,1905.26,0.6954876549049286,477
40,6439,21142,1969.63,0.6954403556900955,494
40,6453,21142,2032.3,0.6947781666824331,510
40,6466,21142,2102.88,0.6941632768896037,527
40,6472,21142,2170.84,0.6938794816006054,544
40,6474,21142,2238.83,0.6937848831709393,560
40,6477,21142,2302.39,0.6936429855264402,576
40,6480,21142,2381.41,0.6935010878819412,594
40,6489,21142,2463.13,0.6930753949484438,611
40,6498,21142,2529.7,0.6926497020149466,627
40,6502,21142,2598.97,0.6924605051556144,644
40,6517,21142,2671.63,0.6917510169331189,661
40,6521,21142,2734.43,0.6915618200737867,678
40,6529,21142,2802.28,0.6911834263551225,694
40,6531,21142,2870.3,0.6910888279254565,710
40,6537,21142,2938.48,0.6908050326364582,726
40,6540,21142,3011.4,0.6906631349919591,743
40,6546,21142,3215.19,0.690379339702961,793
40,6551,21142,3281.09,0.6901428436287957,809
40,6553,21142,3351.16,0.6900482451991297,826
40,6556,21142,3409.73,0.6899063475546305,843
40,6558,21142,3477.35,0.6898117491249646,859
41,0,37748,0.16,1,1
41,14946,37748,20.21,0.6040584931652008,11
41,15016,36047,42.22,0.5834327405886759,20
41,15039,36047,80.19,0.5827946847171748,41
41,15051,34608,97.66,0.5651005547850209,50
41,15081,34608,119.49,0.5642337031900139,59
41,15147,34608,142.34,0.5623266296809986,68
41,15189,34608,158.63,0.5611130374479889,77
41,15397,34608,179.54,0.5551028663892742,86
41,15521,34608,195.95,0.5515198797965788,95
41,15586,34608,212.25,0.5496417013407304,104
41,15621,34480,233.6,0.5469547563805104,113
41,15659,34480,255.81,0.5458526682134571,122
41,15675,34480,272.36,0.5453886310904872,131
41,15682,34480,288.49,0.5451856148491879,140
41,15694,34480,311.31,0.5448375870069606,149
41,15701,34480,328.4,0.5446345707656612,158
41,15840,34480,349.51,0.5406032482598608,167
41,15847,34480,366.24,0.5404002320185615,176
41,15891,34480,380.3,0.5391241299303944,184
41,15947,34480,395.86,0.5375,194
41,16013,34480,412.51,0.5355858468677495,203
41,16137,34480,428.17,0.5319895591647332,211
41,16150,34480,445.42,0.5316125290023201,220
41,16156,34213,467.54,0.527781837313302,230
41,16159,34202,489.92,0.5275422489912871,240
41,16166,34202,505.38,0.527337582597509,250
41,16176,34202,520.31,0.5270452020349687,260
41,16191,34202,536.38,0.5266066311911584,269
41,16198,34202,551.78,0.5264019647973802,277
41,16214,34202,567.19,0.525934155897316,287
41,16243,34202,583.02,0.5250862522659494,297
41,16256,34202,614.97,0.5247061575346471,316
41,16268,34202,636.49,0.5243553008595988,326
41,16286,34202,653.0,0.5238290158470265,334
41,16315,34202,673.78,0.5229811122156599,344
41,16334,34202,692.99,0.5224255891468336,352
41,16361,34202,712.84,0.521636161627975,360
41,16367,34202,732.66,0.5214607332904508,368
41,16369,34074,753.81,0.519604390444327,378
41,16392,34074,770.85,0.5189293889769325,386
41,16402,34074,796.09,0.5186359100780654,394
41,16422,34074,814.73,0.5180489522803311,402
41,16451,34074,830.65,0.5171978634736163,412
41,16461,34074,847.11,0.5169043845747491,420
41,16462,34074,863.41,0.5168750366848623,427
41,16470,34074,876.73,0.5166402535657686,435
41,16490,34074,909.06,0.5160532957680343,454
41,16499,34074,922.43,0.5157891647590538,461
41,16526,34074,943.21,0.5149967717321124,469
41,16528,34074,959.29,0.514938075952339,477
41,16551,34074,997.09,0.5142630744849446,493
41,16564,34074,1012.7,0.5138815519164172,503
41,16589,34074,1030.95,0.5131478546692493,512
41,16619,34074,1047.32,0.5122674179726477,521
41,16642,34074,1065.61,0.5115924165052532,529
41,16647,34074,1080.91,0.5114456770558197,537
41,16661,34074,1094.74,0.5110348065974056,545
41,16663,34074,1114.08,0.5109761108176322,553
41,16678,34074,1139.2,0.5105358924693315,561
41,16688,34074,1164.81,0.5102424135704643,569
41,16689,34074,1179.16,0.5102130656805776,577
41,16699,34074,1215.92,0.5099195867817103,595
41,16703,34074,1236.6,0.5098021952221635,603
41,16708,34074,1268.45,0.50965545577273,622
41,16721,34074,1289.17,0.5092739332042027,630
41,16735,34074,1329.81,0.5088630627457886,646
41,16744,34074,1350.46,0.5085989317368081,654
41,16748,34074,1371.43,0.5084815401772612,662
41,16764,34074,1385.58,0.5080119739390738,670
41,16787,34074,1416.13,0.5073369724716793,686
41,16796,34074,1435.47,0.5070728414626988,694
41,16813,34074,1450.56,0.5065739273346246,702
41,16823,34074,1469.67,0.5062804484357575,710
41,16825,34074,1488.43,0.506221752655984,719
41,16827,34074,1504.71,0.5061630568762105,727
41,16838,34074,1535.18,0.5058402300874567,742
41,16847,34074,1551.13,0.5055760990784762,749
41,16848,34074,1568.16,0.5055467511885895,758
41,16849,34074,1587.92,0.5055174032987029,766
41,16854,34074,1604.66,0.5053706638492692,774
41,16857,34074,1627.48,0.5052826201796091,782
41,16878,34074,1653.48,0.5046663144919881,790
41,16881,34074,1672.87,0.5045782708223279,798
41,16888,34074,1694.86,0.5043728355931208,807
41,16902,34074,1708.61,0.5039619651347068,815
41,16903,34074,1744.95,0.5039326172448201,831
41,16909,34074,1772.81,0.5037565299054998,840
41,16921,34074,1791.52,0.5034043552268592,848
41,16928,34074,1824.91,0.5031989199976522,864
41,16929,34074,1844.57,0.5031695721077655,872
41,16941,34074,1866.26,0.5028173974291248,880
41,16947,34074,1881.76,0.5026413100898045,888
41,16951,34074,1897.27,0.5025239185302577,896
41,17003,34074,1922.8,0.5009978282561484,904
41,17004,34074,1948.46,0.5009684803662616,912
41,17017,34074,1961.87,0.5005869577977343,920
41,17026,34074,1982.53,0.5003228267887538,929
41,17032,34074,2001.69,0.5001467394494336,937
41,17036,34074,2015.78,0.5000293478898867,945
41,17039,34074,2044.23,0.4999413042202266,954
41,17040,34074,2073.57,0.49991195633033986,963
41,17058,34074,2092.16,0.49938369431237895,971
41,17072,34074,2118.36,0.4989728238539649,979
41,17075,34074,2137.9,0.49888478018430477,987
41,17076,34074,2156.6,0.49885543229441803,995
41,17079,34074,2170.9,0.4987673886247579,1003
41,17082,34074,2205.49,0.49867934495509775,1018
41,17084,34074,2224.29,0.4986206491753243,1026
41,17087,34074,2249.85,0.49853260550566414,1034
41,17089,34074,2289.61,0.49847390972589073,1049
41,17090,34074,2308.38,0.498444561836004,1058
41,17093,34074,2327.35,0.49835651816634385,1066
41,17095,34074,2342.2,0.4982978223865704,1075
41,17098,34074,2361.73,0.49820977871691025,1084
41,17103,34074,2381.8,0.4980630392674767,1093
41,17113,34074,2406.67,0.4977695603686095,1101
41,17122,34074,2427.61,0.49750542935962905,1109
41,17123,34074,2441.87,0.4974760814697423,1118
41,17128,34074,2467.73,0.49732934202030876,1126
41,17129,34074,2493.29,0.49729999413042203,1134
41,17136,34074,2506.65,0.497094558901215,1142
41,17137,34074,2551.14,0.4970652110113283,1159
41,17143,34074,2565.04,0.496889123672008,1166
41,17148,34074,2589.03,0.4967423842225744,1174
41,17152,34074,2603.26,0.4966249926630275,1182
41,17153,34074,2629.69,0.49659564477314083,1190
41,17155,34074,2651.14,0.49653694899336737,1199
41,17167,34074,2670.16,0.4961847743147268,1207
41,17168,34074,2693.01,0.49615542642484006,1215
41,17169,34074,2707.23,0.49612607853495333,1223
41,17174,34074,2733.6,0.4959793390855198,1231
41,17185,34074,2749.73,0.4956565122967659,1239
41,17186,34074,2778.28,0.49562716440687915,1248
41,17188,34074,2804.42,0.4955684686271057,1256
41,17189,34074,2818.7,0.495539120737219,1264
41,17195,34074,2848.21,0.49536303339789867,1273
41,17208,34074,2869.33,0.49498151082937136,1282
41,17209,34074,2882.86,0.49495216293948463,1290
41,17216,34074,2900.03,0.4947467277102776,1298
41,17224,34074,2923.06,0.4945119445911839,1307
41,17225,34074,2937.8,0.4944825967012972,1316
41,17231,34074,2954.87,0.4943065093619769,1325
41,17233,34074,2980.05,0.49424781358220343,1333
41,17237,34074,3006.54,0.49413042202265656,1341
41,17256,34074,3023.6,0.49357281211480897,1350
41,17258,34074,3049.43,0.4935141163350355,1358
41,17259,34074,3065.04,0.49348476844514877,1368
41,17272,34074,3093.24,0.49310324587662147,1377
41,17273,34074,3117.3,0.49307389798673473,1385
41,17277,34074,3136.17,0.4929565064271879,1393
41,17279,34074,3162.65,0.49289781064741445,1401
41,17283,34074,3177.74,0.49278041908786757,1409
41,17287,34074,3201.4,0.4926630275283207,1417
41,17290,34074,3226.4,0.49257498385866055,1425
41,17297,34074,3280.7,0.49236954862945354,1442
41,17307,34074,3306.83,0.4920760697305864,1450
41,17308,34074,3321.44,0.49204672184069964,1459
41,17308,34074,3352.11,0.49204672184069964,1474
41,17317,34074,3371.59,0.4917825908317192,1482
41,17323,34074,3384.96,0.49160650349239887,1489
41,17327,34074,3406.93,0.49148911193285205,1498
41,17330,34074,3433.65,0.49140106826319185,1506
41,17345,34074,3489.32,0.49096084991489114,1523
41,17346,34074,3506.36,0.4909315020250044,1532
41,17356,34074,3552.13,0.49063802312613725,1549
41,17359,34074,3577.73,0.4905499794564771,1557
