1,2125,2125,0.05,0,0
2,2075,2075,0.05,0,0
3,0,1675,0.06,1,1
3,1310,1675,0.71,0.21791044776119403,1
3,1376,1675,0.75,0.17850746268656717,1
3,1378,1675,0.76,0.1773134328358209,1
3,1379,1675,0.76,0.17671641791044776,1
3,1473,1675,0.77,0.12059701492537313,1
3,1546,1675,0.77,0.07701492537313433,1
3,1613,1675,0.77,0.037014925373134326,1
3,1625,1675,0.78,0.029850746268656716,1
3,1650,1675,0.78,0.014925373134328358,1
3,1671,1675,0.79,0.0023880597014925373,1
3,1675,1675,0.79,0,0
4,0,1684,0.4,1,1
4,847,1684,5.23,0.4970308788598575,1
4,852,1684,6.94,0.49406175771971494,2
4,856,1684,8.35,0.4916864608076009,3
4,869,1684,9.82,0.4839667458432304,4
4,874,1684,10.03,0.4809976247030879,4
4,878,1684,11.9,0.47862232779097386,5
4,878,1681,13.53,0.4776918500892326,6
4,879,1681,15.07,0.4770969660916121,7
4,881,1681,16.68,0.4759071980963712,8
4,882,1681,17.89,0.47531231409875074,9
4,885,1681,18.26,0.47352766210588937,9
4,892,1681,18.43,0.4693634741225461,9
4,896,1681,19.72,0.46698393813206424,10
4,898,1681,20.0,0.46579417013682334,10
4,899,1681,20.22,0.46519928613920286,10
4,900,1681,20.49,0.4646044021415824,10
4,902,1681,20.84,0.4634146341463415,10
4,903,1681,21.56,0.462819750148721,10
4,912,1681,23.16,0.45746579417013683,11
4,918,1681,23.41,0.453896490184414,11
4,920,1681,23.67,0.4527067221891731,11
4,923,1681,23.89,0.4509220701963117,11
4,926,1681,24.06,0.4491374182034503,11
4,936,1681,24.33,0.44318857822724567,11
4,937,1681,24.6,0.44259369422962525,11
4,942,1681,24.77,0.4396192742415229,11
4,943,1681,25.95,0.43902439024390244,12
4,946,1681,26.18,0.43723973825104107,12
4,950,1681,27.83,0.4348602022605592,13
4,951,1681,28.08,0.43426531826293874,13
4,963,1681,29.39,0.4271267102914932,14
4,964,1681,29.64,0.4265318262938727,14
4,966,1681,30.05,0.42534205829863175,14
4,968,1681,31.49,0.42415229030339086,15
4,970,1681,31.92,0.4229625223081499,15
4,971,1681,33.07,0.4223676383105294,16
4,973,1681,33.61,0.4211778703152885,16
4,974,1681,35.15,0.42058298631766805,17
4,979,1681,35.74,0.4176085663295657,17
4,982,1681,35.89,0.41582391433670435,17
4,986,1681,37.63,0.4134443783462225,18
4,990,1681,37.84,0.41106484235574065,18
4,991,1681,39.06,0.41046995835812017,19
4,992,1681,41.21,0.4098750743604997,20
4,994,1681,41.44,0.4086853063652588,20
4,998,1681,42.52,0.40630577037477694,21
4,999,1681,42.92,0.40571088637715647,21
4,1000,1681,44.06,0.405116002379536,22
4,1001,1681,44.66,0.4045211183819155,22
4,1003,1681,45.14,0.4033313503866746,22
4,1005,1681,46.95,0.40214158239143366,23
4,1006,1681,47.27,0.4015466983938132,23
4,1007,1681,47.6,0.40095181439619276,23
4,1008,1681,47.79,0.4003569303985723,23
4,1009,1681,49.62,0.3997620464009518,25
4,1011,1681,49.77,0.3985722784057109,25
4,1012,1681,50.03,0.39797739440809043,25
4,1013,1681,50.37,0.39738251041046996,25
4,1014,1681,50.68,0.3967876264128495,25
4,1016,1681,50.83,0.3955978584176086,25
4,1017,1681,51.04,0.3950029744199881,25
4,1018,1681,52.16,0.39440809042236763,26
4,1019,1681,52.27,0.39381320642474715,26
4,1021,1681,52.49,0.39262343842950626,26
4,1022,1681,53.48,0.3920285544318858,27
4,1023,1681,53.74,0.3914336704342653,27
4,1025,1681,53.89,0.3902439024390244,27
4,1026,1681,54.04,0.3896490184414039,27
4,1027,1681,55.37,0.38905413444378345,28
4,1029,1681,55.58,0.38786436644854255,28
4,1031,1681,56.06,0.3866745984533016,28
4,1032,1681,56.62,0.3860797144556811,28
4,1033,1681,56.79,0.3854848304580607,28
4,1034,1681,57.11,0.3848899464604402,28
4,1035,1681,57.57,0.38429506246281975,28
4,1036,1681,58.09,0.38370017846519927,28
4,1037,1681,58.2,0.38310529446757885,28
4,1038,1681,58.37,0.3825104104699584,28
4,1039,1681,58.96,0.3819155264723379,28
4,1040,1681,59.32,0.3813206424747174,28
4,1041,1681,60.13,0.38072575847709694,28
4,1043,1681,60.71,0.37953599048185604,28
4,1044,1681,60.85,0.37894110648423557,28
4,1045,1681,61.0,0.3783462224866151,28
4,1046,1681,61.26,0.37775133848899467,28
4,1047,1681,61.87,0.3771564544913742,28
4,1048,1681,62.87,0.3765615704937537,29
4,1049,1681,63.23,0.37596668649613324,29
4,1050,1681,64.17,0.37537180249851276,29
4,1052,1681,64.27,0.37418203450327187,29
4,1055,1681,64.72,0.3723973825104105,29
4,1056,1681,66.29,0.37180249851279,30
4,1057,1681,67.01,0.37120761451516954,30
4,1060,1681,68.0,0.36942296252230816,30
4,1061,1681,68.27,0.3688280785246877,30
4,1062,1681,68.49,0.3682331945270672,30
4,1063,1681,68.69,0.36763831052944673,30
4,1064,1681,68.89,0.3670434265318263,30
4,1067,1681,69.45,0.3652587745389649,30
4,1068,1681,70.02,0.36466389054134446,30
4,1069,1681,70.21,0.364069006543724,30
4,1070,1681,71.43,0.3634741225461035,31
4,1072,1681,71.75,0.3622843545508626,31
4,1073,1681,72.63,0.36168947055324213,31
4,1074,1681,72.81,0.36109458655562165,31
4,1075,1681,73.21,0.3604997025580012,31
4,1076,1681,73.58,0.3599048185603807,31
4,1077,1681,73.87,0.3593099345627603,31
4,1079,1681,74.21,0.3581201665675193,31
4,1080,1681,74.38,0.35752528256989885,31
4,1081,1681,75.24,0.35693039857227843,31
4,1082,1681,75.53,0.35633551457465795,31
4,1083,1681,75.86,0.3557406305770375,31
4,1084,1681,76.06,0.355145746579417,31
4,1085,1681,76.46,0.3545508625817965,31
4,1086,1681,77.14,0.3539559785841761,31
4,1089,1681,77.28,0.35217132659131467,31
4,1090,1681,77.57,0.35157644259369425,31
4,1091,1681,78.46,0.3509815585960738,31
4,1092,1681,79.11,0.3503866745984533,31
4,1093,1681,79.44,0.3497917906008328,31
4,1094,1681,80.02,0.3491969066032124,31
4,1095,1681,80.17,0.3486020226055919,31
4,1096,1681,80.33,0.34800713860797144,31
4,1098,1681,80.46,0.3468173706127305,31
4,1099,1681,80.6,0.34622248661511007,31
4,1100,1681,80.76,0.3456276026174896,31
4,1101,1681,81.03,0.3450327186198691,31
4,1103,1681,83.36,0.3438429506246282,32
4,1104,1681,84.8,0.34324806662700774,32
4,1106,1681,84.97,0.3420582986317668,32
4,1107,1681,85.49,0.34146341463414637,32
4,1108,1681,85.74,0.3408685306365259,32
4,1109,1681,85.88,0.3402736466389054,32
4,1110,1681,87.02,0.33967876264128494,33
4,1111,1681,87.37,0.33908387864366446,33
4,1112,1681,88.02,0.33848899464604404,33
4,1113,1681,88.53,0.33789411064842356,33
4,1114,1681,88.86,0.3372992266508031,33
4,1115,1681,89.32,0.3367043426531826,33
4,1116,1681,90.19,0.3361094586555622,33
4,1117,1681,90.45,0.3355145746579417,33
4,1118,1681,90.61,0.33491969066032123,33
4,1119,1681,91.01,0.33432480666270076,33
4,1120,1681,91.7,0.33372992266508034,33
4,1121,1681,92.1,0.33313503866745986,33
4,1122,1681,92.52,0.3325401546698394,33
4,1123,1681,92.64,0.3319452706722189,33
4,1124,1681,93.26,0.33135038667459843,33
4,1126,1681,93.63,0.33016061867935753,33
4,1127,1681,94.71,0.32956573468173705,34
4,1128,1681,95.42,0.3289708506841166,34
4,1129,1681,95.64,0.32837596668649616,34
4,1130,1681,96.21,0.3277810826888757,34
4,1131,1681,96.39,0.3271861986912552,34
4,1132,1681,97.27,0.3265913146936347,34
4,1133,1681,98.32,0.32599643069601425,34
4,1134,1681,98.62,0.32540154669839383,34
4,1135,1681,99.25,0.32480666270077335,34
4,1136,1681,99.38,0.3242117787031529,34
4,1137,1681,99.65,0.3236168947055324,34
4,1138,1681,100.19,0.323022010707912,34
4,1139,1681,100.61,0.3224271267102915,34
4,1140,1681,100.76,0.321832242712671,34
4,1141,1681,101.2,0.32123735871505055,34
4,1142,1681,101.48,0.3206424747174301,34
4,1143,1681,102.11,0.32004759071980965,34
4,1144,1681,102.5,0.3194527067221892,34
4,1146,1681,103.51,0.3182629387269482,35
4,1147,1681,104.42,0.3176680547293278,35
4,1148,1681,104.85,0.3170731707317073,35
4,1149,1681,105.16,0.31647828673408684,35
4,1150,1681,106.27,0.31588340273646637,35
4,1151,1681,106.53,0.31528851873884595,35
4,1152,1681,107.5,0.31469363474122547,35
4,1153,1681,108.16,0.314098750743605,35
4,1154,1681,108.64,0.3135038667459845,35
4,1155,1681,109.15,0.3129089827483641,35
4,1156,1681,109.29,0.3123140987507436,35
4,1157,1681,109.72,0.31171921475312314,35
4,1158,1681,110.33,0.31112433075550266,35
4,1159,1681,110.57,0.3105294467578822,35
4,1160,1681,110.97,0.30993456276026177,35
4,1161,1681,111.81,0.3093396787626413,35
4,1162,1681,112.4,0.3087447947650208,35
4,1163,1681,113.29,0.30814991076740034,35
4,1164,1681,113.99,0.3075550267697799,35
4,1165,1681,114.57,0.30696014277215944,35
4,1166,1681,115.4,0.30636525877453896,36
4,1167,1681,115.91,0.3057703747769185,36
4,1169,1681,116.14,0.3045806067816776,36
4,1170,1681,116.81,0.3039857227840571,36
4,1171,1681,117.33,0.30339083878643663,36
4,1172,1681,117.96,0.30279595478881616,36
4,1173,1681,118.07,0.30220107079119574,36
4,1174,1681,118.82,0.30160618679357526,36
4,1175,1681,118.93,0.3010113027959548,36
4,1176,1681,119.17,0.3004164187983343,36
4,1177,1681,119.58,0.2998215348007139,36
4,1178,1681,119.71,0.2992266508030934,36
4,1179,1681,119.98,0.29863176680547293,36
4,1180,1681,121.09,0.29803688280785245,36
4,1181,1681,121.44,0.297441998810232,36
4,1182,1681,122.16,0.29684711481261156,36
4,1183,1681,122.99,0.2962522308149911,36
4,1184,1681,123.99,0.2956573468173706,36
4,1185,1681,124.46,0.2950624628197501,36
4,1186,1681,125.31,0.2944675788221297,36
4,1187,1681,125.69,0.29387269482450923,36
4,1188,1681,126.03,0.29327781082688875,36
4,1189,1681,126.54,0.2926829268292683,36
4,1190,1681,127.54,0.29208804283164785,36
4,1191,1681,128.1,0.2914931588340274,36
4,1192,1681,128.82,0.2908982748364069,36
4,1193,1681,129.68,0.2903033908387864,36
4,1194,1681,130.18,0.28970850684116595,36
4,1195,1681,130.83,0.2891136228435455,36
4,1196,1681,131.77,0.28851873884592505,36
4,1198,1681,132.31,0.2873289708506841,36
4,1199,1681,132.57,0.2867340868530637,36
4,1200,1681,134.12,0.2861392028554432,36
4,1201,1681,134.4,0.2855443188578227,36
4,1202,1681,134.89,0.28494943486020224,36
4,1203,1681,136.09,0.2843545508625818,36
4,1204,1681,137.13,0.28375966686496135,36
4,1205,1681,137.36,0.28316478286734087,36
4,1206,1681,137.82,0.2825698988697204,36
4,1207,1681,138.49,0.2819750148720999,36
4,1208,1681,138.86,0.2813801308744795,36
4,1209,1681,139.41,0.280785246876859,36
4,1210,1681,140.15,0.28019036287923854,36
4,1211,1681,141.17,0.27959547888161806,36
4,1212,1681,142.44,0.27900059488399764,36
4,1213,1681,142.77,0.27840571088637717,36
4,1214,1681,143.12,0.2778108268887567,36
4,1215,1681,144.65,0.2772159428911362,36
4,1216,1681,145.51,0.2766210588935158,36
4,1217,1681,145.96,0.2760261748958953,36
4,1218,1681,146.63,0.27543129089827484,36
4,1219,1681,146.92,0.27483640690065436,36
4,1220,1681,147.27,0.2742415229030339,36
4,1221,1681,147.6,0.27364663890541346,36
4,1222,1681,148.07,0.273051754907793,36
4,1223,1681,148.17,0.2724568709101725,36
4,1224,1681,148.63,0.27186198691255203,36
4,1225,1681,148.86,0.2712671029149316,36
4,1226,1681,149.45,0.27067221891731114,36
4,1227,1681,149.72,0.27007733491969066,36
4,1228,1681,150.82,0.2694824509220702,36
4,1229,1681,151.6,0.2688875669244497,36
4,1230,1681,151.93,0.2682926829268293,36
4,1231,1681,152.49,0.2676977989292088,36
4,1232,1681,152.96,0.26710291493158833,36
4,1233,1681,153.3,0.26650803093396785,36
4,1234,1681,153.72,0.26591314693634743,36
4,1235,1681,154.31,0.26531826293872696,36
4,1236,1681,155.36,0.2647233789411065,36
4,1237,1681,155.81,0.264128494943486,36
4,1238,1681,157.02,0.2635336109458656,36
4,1239,1681,157.21,0.2629387269482451,36
4,1240,1681,157.78,0.26234384295062463,36
4,1241,1681,158.31,0.26174895895300415,36
4,1242,1681,158.85,0.2611540749553837,36
4,1243,1681,159.71,0.26055919095776325,36
4,1244,1681,160.1,0.2599643069601428,36
4,1245,1681,160.81,0.2593694229625223,36
4,1246,1681,161.83,0.2587745389649018,36
4,1247,1681,162.31,0.2581796549672814,36
4,1248,1681,162.48,0.2575847709696609,36
4,1249,1681,162.98,0.25698988697204045,36
4,1250,1681,163.28,0.25639500297441997,36
4,1251,1681,163.73,0.25580011897679955,36
4,1252,1681,164.29,0.2552052349791791,36
4,1253,1681,165.21,0.2546103509815586,36
4,1254,1681,166.21,0.2540154669839381,36
4,1255,1681,166.93,0.25342058298631764,36
4,1256,1681,167.43,0.2528256989886972,36
4,1257,1681,168.52,0.25223081499107675,36
4,1258,1681,168.91,0.25163593099345627,36
4,1259,1681,169.72,0.2510410469958358,36
4,1260,1681,170.42,0.25044616299821537,36
4,1261,1681,172.28,0.2498512790005949,36
4,1262,1681,172.64,0.24925639500297442,36
4,1263,1681,173.69,0.24866151100535397,36
4,1264,1681,174.36,0.2480666270077335,36
4,1265,1681,175.02,0.24747174301011302,36
4,1266,1681,175.57,0.24687685901249257,36
4,1267,1681,176.04,0.2462819750148721,36
4,1268,1681,176.19,0.24568709101725164,36
4,1269,1681,177.16,0.24509220701963116,36
4,1270,1681,177.68,0.24449732302201072,36
4,1271,1681,178.33,0.24390243902439024,36
4,1272,1681,178.68,0.2433075550267698,36
4,1273,1681,179.23,0.2427126710291493,36
4,1274,1681,179.77,0.24211778703152886,36
4,1275,1681,180.56,0.2415229030339084,36
4,1276,1681,180.98,0.2409280190362879,36
4,1277,1681,181.64,0.24033313503866746,36
4,1278,1681,182.62,0.23973825104104698,36
4,1279,1681,183.47,0.23914336704342654,36
4,1280,1681,183.93,0.23854848304580606,36
4,1281,1681,185.17,0.2379535990481856,36
4,1282,1681,186.74,0.23735871505056513,36
4,1283,1681,187.53,0.23676383105294468,36
4,1284,1681,187.81,0.2361689470553242,36
4,1285,1681,189.13,0.23557406305770376,36
4,1286,1681,189.68,0.23497917906008328,36
4,1287,1681,190.12,0.23438429506246283,36
4,1288,1681,191.31,0.23378941106484236,36
4,1289,1681,191.92,0.23319452706722188,36
4,1290,1681,192.23,0.23259964306960143,36
4,1291,1681,192.86,0.23200475907198095,36
4,1292,1681,193.61,0.2314098750743605,36
4,1293,1681,194.87,0.23081499107674003,36
4,1294,1681,195.34,0.23022010707911958,36
4,1295,1681,195.8,0.2296252230814991,36
4,1296,1681,197.36,0.22903033908387865,36
4,1297,1681,198.37,0.22843545508625818,36
4,1298,1681,199.24,0.22784057108863773,36
4,1299,1681,199.8,0.22724568709101725,36
4,1300,1681,200.33,0.22665080309339677,36
4,1301,1681,200.85,0.22605591909577633,36
4,1302,1681,201.06,0.22546103509815585,36
4,1303,1681,202.1,0.2248661511005354,36
4,1304,1681,203.04,0.22427126710291492,36
4,1305,1681,203.69,0.22367638310529447,36
4,1306,1681,204.17,0.223081499107674,36
4,1307,1681,205.35,0.22248661511005355,36
4,1308,1681,205.95,0.22189173111243307,36
4,1309,1681,206.7,0.22129684711481262,36
4,1310,1681,207.38,0.22070196311719215,36
4,1311,1681,208.46,0.2201070791195717,36
4,1312,1681,208.83,0.21951219512195122,36
4,1313,1681,209.58,0.21891731112433074,36
4,1314,1681,210.59,0.2183224271267103,36
4,1315,1681,211.07,0.21772754312908982,36
4,1316,1681,212.15,0.21713265913146937,36
4,1317,1681,212.75,0.2165377751338489,36
4,1318,1681,213.83,0.21594289113622844,36
4,1319,1681,214.88,0.21534800713860797,36
4,1320,1681,215.69,0.21475312314098752,36
4,1321,1681,216.04,0.21415823914336704,36
4,1322,1681,216.56,0.2135633551457466,36
4,1323,1681,217.76,0.21296847114812612,36
4,1324,1681,218.92,0.21237358715050564,36
4,1325,1681,219.37,0.2117787031528852,36
4,1326,1681,220.09,0.2111838191552647,36
4,1327,1681,220.81,0.21058893515764426,36
4,1328,1681,221.39,0.2099940511600238,36
4,1329,1681,222.37,0.20939916716240334,36
4,1330,1681,223.53,0.20880428316478286,36
4,1331,1681,223.89,0.2082093991671624,36
4,1332,1681,225.09,0.20761451516954194,36
4,1333,1681,225.68,0.2070196311719215,36
4,1334,1681,226.67,0.206424747174301,36
4,1335,1681,227.49,0.20582986317668056,36
4,1336,1681,228.65,0.20523497917906008,36
4,1337,1681,229.9,0.2046400951814396,36
4,1338,1681,230.56,0.20404521118381916,36
4,1339,1681,231.7,0.20345032718619868,36
4,1340,1681,232.39,0.20285544318857823,36
4,1341,1681,232.7,0.20226055919095776,36
4,1342,1681,233.19,0.2016656751933373,36
4,1343,1681,233.84,0.20107079119571683,36
4,1344,1681,235.18,0.20047590719809638,36
4,1345,1681,235.93,0.1998810232004759,36
4,1346,1681,237.63,0.19928613920285546,36
4,1347,1681,238.73,0.19869125520523498,36
4,1348,1681,239.35,0.1980963712076145,36
4,1349,1681,240.01,0.19750148720999405,36
4,1350,1681,241.08,0.19690660321237358,36
4,1351,1681,241.84,0.19631171921475313,36
4,1352,1681,242.55,0.19571683521713265,36
4,1353,1681,243.37,0.1951219512195122,36
4,1354,1681,244.74,0.19452706722189173,36
4,1355,1681,245.41,0.19393218322427128,36
4,1356,1681,246.96,0.1933372992266508,36
4,1357,1681,247.75,0.19274241522903035,36
4,1358,1681,248.92,0.19214753123140987,35
4,1359,1681,249.26,0.19155264723378942,35
4,1360,1681,249.85,0.19095776323616895,35
4,1361,1681,250.88,0.19036287923854847,35
4,1362,1681,251.75,0.18976799524092802,35
4,1363,1681,252.41,0.18917311124330755,35
4,1364,1681,253.45,0.1885782272456871,35
4,1365,1681,254.92,0.18798334324806662,35
4,1366,1681,256.23,0.18738845925044617,35
4,1367,1681,257.15,0.1867935752528257,35
4,1368,1681,257.75,0.18619869125520525,35
4,1369,1681,258.57,0.18560380725758477,35
4,1370,1681,259.41,0.18500892325996432,35
4,1371,1681,260.37,0.18441403926234384,35
4,1372,1681,261.51,0.18381915526472337,35
4,1373,1681,262.64,0.18322427126710292,35
4,1374,1681,263.93,0.18262938726948244,35
4,1375,1681,264.87,0.182034503271862,35
4,1376,1681,265.85,0.18143961927424151,35
4,1377,1681,267.07,0.18084473527662107,35
4,1378,1681,267.66,0.1802498512790006,35
4,1379,1681,268.42,0.17965496728138014,35
4,1380,1681,269.22,0.17906008328375966,35
4,1381,1681,270.8,0.17846519928613921,35
4,1382,1681,272.32,0.17787031528851874,35
4,1383,1681,273.15,0.17727543129089826,35
4,1384,1681,274.59,0.1766805472932778,35
4,1385,1681,275.93,0.17608566329565734,35
4,1386,1681,277.01,0.1754907792980369,35
4,1387,1681,278.14,0.1748958953004164,35
4,1388,1681,278.77,0.17430101130279596,35
4,1389,1681,279.77,0.17370612730517548,35
4,1390,1681,280.53,0.17311124330755503,35
4,1391,1681,281.09,0.17251635930993456,35
4,1392,1681,281.81,0.1719214753123141,35
4,1393,1681,283.05,0.17132659131469363,35
4,1394,1681,284.29,0.17073170731707318,35
4,1395,1681,285.54,0.1701368233194527,35
4,1396,1681,286.11,0.16954193932183223,35
4,1397,1681,286.82,0.16894705532421178,35
4,1398,1681,287.88,0.1683521713265913,35
4,1399,1681,288.75,0.16775728732897086,35
4,1400,1681,289.73,0.16716240333135038,35
4,1401,1681,290.45,0.16656751933372993,35
4,1402,1681,291.01,0.16597263533610945,35
4,1403,1681,291.77,0.165377751338489,35
4,1404,1681,293.18,0.16478286734086853,35
4,1405,1681,293.88,0.16418798334324808,35
4,1406,1681,295.16,0.1635930993456276,35
4,1407,1681,296.43,0.16299821534800712,35
4,1408,1681,297.34,0.16240333135038668,35
4,1409,1681,298.76,0.1618084473527662,35
4,1410,1681,299.52,0.16121356335514575,35
4,1411,1681,300.7,0.16061867935752527,35
4,1412,1681,301.75,0.16002379535990482,35
4,1413,1681,302.9,0.15942891136228435,35
4,1414,1681,304.05,0.1588340273646639,35
4,1415,1681,304.87,0.15823914336704342,35
4,1416,1681,305.78,0.15764425936942297,35
4,1417,1681,306.74,0.1570493753718025,35
4,1418,1681,308.4,0.15645449137418205,35
4,1419,1681,309.07,0.15585960737656157,35
4,1420,1681,310.42,0.1552647233789411,35
4,1421,1681,310.91,0.15466983938132065,35
4,1422,1681,311.58,0.15407495538370017,35
4,1423,1681,312.34,0.15348007138607972,35
4,1424,1681,312.91,0.15288518738845924,35
4,1425,1681,313.61,0.1522903033908388,35
4,1426,1681,314.92,0.15169541939321832,35
4,1427,1681,315.59,0.15110053539559787,35
4,1428,1681,316.25,0.1505056513979774,35
4,1429,1681,316.64,0.14991076740035694,35
4,1430,1681,317.55,0.14931588340273647,35
4,1431,1681,319.08,0.148720999405116,35
4,1432,1681,319.58,0.14812611540749554,35
4,1433,1681,320.56,0.14753123140987506,35
4,1434,1681,321.6,0.14693634741225461,35
4,1435,1681,322.21,0.14634146341463414,35
4,1436,1681,323.07,0.1457465794170137,35
4,1437,1681,324.14,0.1451516954193932,35
4,1438,1681,324.85,0.14455681142177276,35
4,1439,1681,325.12,0.1439619274241523,35
4,1440,1681,326.37,0.14336704342653184,35
4,1441,1681,327.1,0.14277215942891136,35
4,1442,1681,327.92,0.1421772754312909,35
4,1443,1681,328.6,0.14158239143367043,35
4,1444,1681,329.13,0.14098750743604996,35
4,1445,1681,329.8,0.1403926234384295,35
4,1446,1681,330.29,0.13979773944080903,35
4,1447,1681,330.84,0.13920285544318858,35
4,1448,1681,331.47,0.1386079714455681,35
4,1449,1681,332.5,0.13801308744794766,35
4,1450,1681,332.89,0.13741820345032718,35
4,1451,1681,333.52,0.13682331945270673,35
4,1452,1681,333.95,0.13622843545508626,35
4,1453,1681,334.39,0.1356335514574658,35
4,1454,1681,334.81,0.13503866745984533,35
4,1455,1681,335.17,0.13444378346222485,35
4,1456,1681,336.02,0.1338488994646044,35
4,1457,1681,336.57,0.13325401546698393,35
4,1458,1681,337.22,0.13265913146936348,35
4,1459,1681,337.54,0.132064247471743,35
4,1460,1681,338.19,0.13146936347412255,34
4,1461,1681,339.08,0.13087447947650208,34
4,1462,1681,339.79,0.13027959547888163,34
4,1463,1681,340.35,0.12968471148126115,34
4,1464,1681,340.82,0.1290898274836407,34
4,1465,1681,341.27,0.12849494348602022,34
4,1466,1681,341.61,0.12790005948839978,34
4,1467,1681,341.95,0.1273051754907793,34
4,1468,1681,342.24,0.12671029149315882,34
4,1469,1681,342.57,0.12611540749553837,34
4,1470,1681,342.86,0.1255205234979179,34
4,1471,1681,343.36,0.12492563950029745,34
4,1472,1681,343.72,0.12433075550267698,34
4,1473,1681,344.2,0.12373587150505651,34
4,1474,1681,344.8,0.12314098750743604,34
4,1475,1681,345.09,0.12254610350981558,34
4,1476,1681,345.42,0.12195121951219512,34
4,1477,1681,346.05,0.12135633551457466,33
4,1478,1681,346.58,0.1207614515169542,33
4,1479,1681,346.88,0.12016656751933373,33
4,1480,1681,347.14,0.11957168352171327,33
4,1481,1681,347.57,0.1189767995240928,33
4,1482,1681,347.92,0.11838191552647234,33
4,1483,1681,348.14,0.11778703152885188,33
4,1484,1681,348.39,0.11719214753123142,33
4,1485,1681,348.54,0.11659726353361094,33
4,1486,1681,348.72,0.11600237953599048,33
4,1487,1681,349.31,0.11540749553837001,32
4,1488,1681,349.74,0.11481261154074955,32
4,1489,1681,350.12,0.11421772754312909,32
4,1490,1681,350.29,0.11362284354550863,32
4,1491,1681,350.54,0.11302795954788816,32
4,1492,1681,350.86,0.1124330755502677,31
4,1493,1681,351.26,0.11183819155264724,31
4,1494,1681,351.44,0.11124330755502677,31
4,1495,1681,351.62,0.11064842355740631,31
4,1496,1681,351.85,0.11005353955978585,29
4,1497,1681,352.09,0.10945865556216537,29
4,1498,1681,352.29,0.10886377156454491,29
4,1499,1681,352.54,0.10826888756692445,29
4,1500,1681,352.98,0.10767400356930398,29
4,1501,1681,353.57,0.10707911957168352,29
4,1502,1681,354.0,0.10648423557406306,29
4,1503,1681,354.22,0.1058893515764426,29
4,1504,1681,354.48,0.10529446757882213,29
4,1505,1681,354.65,0.10469958358120167,28
4,1506,1681,354.9,0.1041046995835812,28
4,1507,1681,355.01,0.10350981558596074,28
4,1508,1681,355.16,0.10291493158834028,28
4,1509,1681,355.32,0.1023200475907198,28
4,1510,1681,355.47,0.10172516359309934,28
4,1511,1681,355.63,0.10113027959547888,28
4,1512,1681,355.8,0.10053539559785842,28
4,1513,1681,355.9,0.09994051160023795,28
4,1514,1681,356.17,0.09934562760261749,28
4,1515,1681,356.3,0.09875074360499703,28
4,1516,1681,356.38,0.09815585960737656,28
4,1517,1681,356.46,0.0975609756097561,28
4,1518,1681,356.61,0.09696609161213564,28
4,1519,1681,356.69,0.09637120761451518,28
4,1520,1681,356.91,0.09577632361689471,28
4,1521,1681,357.01,0.09518143961927424,28
4,1522,1681,357.25,0.09458655562165377,28
4,1523,1681,357.28,0.09399167162403331,28
4,1524,1681,357.35,0.09339678762641285,25
4,1525,1681,357.55,0.09280190362879238,25
4,1526,1681,357.61,0.09220701963117192,24
4,1527,1681,357.69,0.09161213563355146,24
4,1528,1681,357.79,0.091017251635931,24
4,1529,1681,357.81,0.09042236763831053,24
4,1530,1681,357.86,0.08982748364069007,24
4,1531,1681,357.91,0.08923259964306961,24
4,1532,1681,357.94,0.08863771564544913,24
4,1533,1681,357.96,0.08804283164782867,24
4,1534,1681,358.03,0.0874479476502082,24
4,1535,1681,358.05,0.08685306365258774,24
4,1536,1681,358.13,0.08625817965496728,24
4,1537,1681,358.18,0.08566329565734682,24
4,1538,1681,358.23,0.08506841165972635,24
4,1539,1681,358.26,0.08447352766210589,24
4,1540,1681,358.28,0.08387864366448543,24
4,1541,1681,358.32,0.08328375966686496,23
4,1542,1681,358.33,0.0826888756692445,22
4,1543,1681,358.35,0.08209399167162404,21
4,1544,1681,358.35,0.08149910767400356,20
4,1545,1681,358.36,0.0809042236763831,20
4,1546,1681,358.37,0.08030933967876264,20
4,1547,1681,358.39,0.07971445568114217,19
4,1549,1681,358.39,0.07852468768590125,19
4,1551,1681,358.4,0.07733491969066032,19
4,1552,1681,358.41,0.07674003569303986,18
4,1553,1681,358.41,0.0761451516954194,17
4,1554,1681,358.42,0.07555026769779893,16
4,1555,1681,358.42,0.07495538370017847,16
4,1556,1681,358.44,0.074360499702558,13
4,1557,1681,358.45,0.07376561570493753,11
4,1559,1681,358.46,0.0725758477096966,10
4,1564,1681,358.46,0.06960142772159429,8
4,1568,1681,358.47,0.06722189173111243,7
4,1572,1681,358.47,0.06484235574063058,6
4,1578,1681,358.47,0.06127305175490779,5
4,1590,1681,358.48,0.05413444378346222,4
4,1601,1681,358.48,0.04759071980963712,3
4,1627,1681,358.49,0.032123735871505056,2
4,1678,1681,358.49,0.001784651992861392,1
4,1681,1681,358.49,0,0
5,0,1660,1.58,1,1
5,700,1660,39.19,0.5783132530120482,1
5,710,1578,66.51,0.550063371356147,3
5,714,1578,78.62,0.5475285171102662,4
5,714,1441,89.23,0.5045107564191533,5
5,718,1441,96.16,0.501734906315059,6
5,721,1441,113.95,0.4996530187369882,8
5,723,1441,129.31,0.49826509368494104,10
5,732,1441,144.63,0.49201943095072864,12
5,734,1441,152.75,0.4906315058986815,13
5,735,1441,159.69,0.4899375433726579,14
5,736,1441,166.02,0.4892435808466343,15
5,737,1441,181.74,0.48854961832061067,17
5,740,1441,188.27,0.4864677307425399,18
5,741,1441,206.28,0.4857737682165163,20
5,745,1441,211.47,0.48299791811242193,21
5,747,1441,218.02,0.4816099930603747,22
5,749,1441,235.88,0.48022206800832756,25
5,750,1441,248.05,0.47952810548230396,27
5,751,1441,267.86,0.47883414295628035,30
5,752,1441,306.32,0.47814018043025674,35
5,753,1441,318.33,0.4774462179042332,37
5,754,1441,323.59,0.4767522553782096,38
5,755,1441,330.57,0.476058292852186,39
5,756,1441,337.19,0.4753643303261624,40
5,757,1441,346.15,0.47467036780013877,41
5,760,1441,362.7,0.472588480222068,44
5,761,1441,398.84,0.4718945176960444,49
5,762,1441,424.28,0.4712005551700208,52
5,763,1441,465.72,0.47050659264399725,59
5,764,1441,511.66,0.46981263011797364,66
5,765,1441,527.82,0.46911866759195003,69
5,766,1441,545.48,0.46842470506592643,72
5,767,1441,590.05,0.4677307425399028,80
5,768,1441,662.91,0.46703678001387927,89
5,769,1441,682.43,0.46634281748785567,92
5,770,1441,705.17,0.46564885496183206,96
5,771,1441,733.44,0.46495489243580845,101
5,772,1441,751.27,0.46426092990978485,104
5,773,1441,779.23,0.4635669673837613,110
5,774,1441,800.81,0.4628730048577377,114
5,775,1441,848.19,0.4621790423317141,123
5,776,1441,896.33,0.4614850798056905,133
5,777,1441,951.52,0.4607911172796669,141
5,778,1441,986.16,0.4600971547536433,147
5,779,1441,1032.45,0.4594031922276197,156
5,780,1441,1142.44,0.4587092297015961,177
5,781,1441,1185.55,0.4580152671755725,185
5,782,1441,1222.21,0.4573213046495489,191
5,783,1441,1257.8,0.45662734212352535,199
5,784,1441,1319.03,0.45593337959750174,210
5,784,1429,1339.7,0.45136459062281314,213
5,784,1375,1359.06,0.4298181818181818,217
5,785,1375,1361.49,0.4290909090909091,218
5,786,1375,1447.8,0.4283636363636364,232
5,787,1375,1489.69,0.42763636363636365,239
5,788,1375,1522.71,0.4269090909090909,246
5,789,1375,1611.5,0.42618181818181816,263
5,790,1375,1631.45,0.4254545454545455,267
5,791,1375,1722.34,0.42472727272727273,287
5,792,1375,1813.4,0.424,304
5,793,1375,1896.27,0.4232727272727273,321
5,794,1375,2018.41,0.42254545454545456,348
5,795,1375,2101.79,0.4218181818181818,364
5,796,1375,2268.19,0.42109090909090907,392
5,797,1375,2447.92,0.4203636363636364,425
5,798,1375,2542.49,0.41963636363636364,445
5,799,1375,2623.96,0.4189090909090909,464
5,800,1375,2791.16,0.41818181818181815,492
5,801,1375,2931.82,0.41745454545454547,520
5,802,1375,3042.5,0.4167272727272727,536
5,803,1375,3296.57,0.416,563
6,0,69,15.21,1,1
6,43,69,77.29,0.37681159420289856,1
6,44,66,111.39,0.3333333333333333,2
6,44,63,145.25,0.30158730158730157,3
6,44,62,177.36,0.2903225806451613,4
7,0,20765,4.73,1,1
7,5325,20765,66.98,0.7435588731037804,1
7,5325,20455,145.29,0.739672451723295,2
7,5350,20455,206.85,0.7384502566609631,3
7,5425,20455,549.49,0.7347836714739673,8
7,5450,20455,938.91,0.7335614764116353,14
7,5500,20455,1055.77,0.7311170862869714,16
7,5525,20455,1165.57,0.7298948912246395,18
7,5575,20455,1984.4,0.7274505010999756,31
7,5575,20345,2266.32,0.7259768985008601,36
7,5600,20345,2331.91,0.7247480953551241,37
7,5625,20345,2400.06,0.723519292209388,38
7,5650,20345,3027.66,0.722290489063652,48
7,5650,20290,3297.32,0.7215377033021193,52
7,5675,20290,3506.66,0.7203055692459339,55
8,0,74,0.13,1,1
8,47,74,1.18,0.36486486486486486,1
8,47,58,1.27,0.1896551724137931,1
8,49,58,1.71,0.15517241379310345,1
8,55,58,1.73,0.05172413793103448,1
8,55,55,1.75,0,0
9,0,74,0.1,1,1
9,47,63,1.06,0.25396825396825395,1
9,47,58,1.14,0.1896551724137931,1
9,49,58,1.49,0.15517241379310345,1
9,55,55,1.52,0,0
10,0,8555,2.25,1,1
10,4853,8555,38.49,0.432729398012858,1
10,4879,8555,65.84,0.4296902396259497,2
10,4908,8555,92.33,0.4263004091174752,3
10,4909,8555,116.51,0.4261835184102864,4
10,4929,8555,143.18,0.4238457042665108,5
10,4934,8555,169.13,0.4232612507305669,6
10,4937,8555,199.44,0.4229105786090006,7
10,4940,8555,370.13,0.42255990648743424,14
10,4941,8545,514.18,0.42176711527208893,20
10,4942,8545,658.44,0.42165008777062607,26
10,4942,8488,759.64,0.41776625824693686,29
10,4943,8488,870.79,0.41764844486333647,34
10,4944,8488,918.27,0.4175306314797361,36
10,4945,8488,1032.76,0.41741281809613573,41
10,4945,8457,1054.7,0.41527728508927514,42
10,4974,8457,1156.9,0.4118481731110323,47
10,4984,8457,1197.04,0.4106657207047416,48
10,4987,8457,1249.47,0.41031098498285445,50
10,4988,8457,1463.19,0.41019273974222537,59
10,4989,8457,1533.09,0.41007449450159633,62
10,4990,8457,1576.36,0.40995624926096724,64
10,4990,8244,1722.94,0.39471130519165454,70
10,4991,8244,1991.45,0.39459000485201357,81
10,4992,8244,2034.37,0.39446870451237265,83
10,4993,8244,2295.4,0.3943474041727317,95
10,4994,8244,2344.0,0.39422610383309076,97
10,4995,8244,2528.62,0.3941048034934498,105
10,4996,8244,2848.21,0.3939835031538088,119
10,4997,8244,3013.07,0.3938622028141679,126
10,4998,8244,3406.28,0.3937409024745269,140
11,0,8843,1.94,1,1
11,4616,8843,39.86,0.47800520185457424,1
11,4637,8843,64.15,0.47563044215763883,2
11,4639,8843,88.71,0.4754042745674545,3
11,4645,8843,115.88,0.4747257717969015,4
11,4679,8843,184.33,0.470880922763768,7
11,4691,8843,208.5,0.469523917222662,8
11,4692,8843,232.73,0.46941083342756984,9
11,4700,8843,258.78,0.4685061630668325,10
11,4708,8843,279.75,0.4676014927060952,11
11,4712,8843,303.97,0.46714915752572655,12
11,4713,8843,349.5,0.4670360737306344,14
11,4714,8809,459.28,0.4648654784879101,18
11,4716,8809,586.72,0.46463843796117604,24
11,4719,8809,628.8,0.464297877171075,26
11,4720,8809,732.18,0.46418435690770804,30
11,4721,8809,819.84,0.464070836644341,34
11,4722,8809,881.4,0.463957316380974,37
11,4723,8809,1023.82,0.463843796117607,43
11,4727,8809,1064.02,0.46338971506413895,44
11,4728,8809,1089.85,0.4632761948007719,45
11,4732,8809,1115.85,0.4628221137473039,46
11,4733,8809,1136.75,0.4627085934839369,47
11,4736,8809,1162.49,0.46236803269383586,48
11,4737,8809,1183.14,0.46225451243046883,49
11,4738,8809,1204.25,0.4621409921671018,50
11,4744,8809,1245.71,0.46145987058689975,52
11,4748,8809,1268.21,0.46100578953343174,53
11,4750,8809,1289.36,0.4607787490066977,54
11,4751,8809,1334.84,0.46066522874333066,56
11,4752,8809,1356.55,0.4605517084799637,57
11,4753,8809,1378.94,0.46043818821659666,58
11,4754,8809,1449.75,0.4603246679532296,61
11,4756,8809,1517.91,0.4600976274264956,64
11,4757,8809,1580.79,0.4599841071631286,67
11,4758,8809,1603.66,0.4598705868997616,68
11,4759,8809,1646.19,0.4597570666363946,70
11,4760,8809,1825.96,0.45964354637302757,77
11,4761,8809,1867.22,0.4595300261096606,79
11,4762,8809,1979.95,0.45941650584629357,84
11,4763,8809,2002.29,0.45930298558292654,85
11,4764,8809,2022.09,0.45918946531955956,86
11,4765,8809,2063.37,0.45907594505619254,88
11,4767,8640,2107.41,0.4482638888888889,90
11,4771,8640,2152.39,0.4478009259259259,92
11,4773,8640,2172.41,0.44756944444444446,93
11,4774,8640,2268.11,0.4474537037037037,97
11,4778,8640,2291.6,0.44699074074074074,98
11,4779,8640,2312.92,0.446875,99
11,4780,8640,2385.23,0.44675925925925924,102
11,4781,8640,2450.53,0.4466435185185185,105
11,4782,8640,2475.73,0.4465277777777778,106
11,4783,8640,2524.5,0.446412037037037,108
11,4784,8640,2592.94,0.4462962962962963,111
11,4785,8640,2639.55,0.4461805555555556,113
11,4786,8640,2704.63,0.4460648148148148,116
11,4787,8640,2819.46,0.4459490740740741,119
11,4788,8640,2883.46,0.44583333333333336,122
11,4789,8640,2908.53,0.4457175925925926,123
11,4790,8640,3026.34,0.44560185185185186,128
11,4791,8640,3210.36,0.44548611111111114,136
11,4792,8640,3257.14,0.44537037037037036,138
11,4793,8640,3319.84,0.44525462962962964,141
11,4794,8640,3432.18,0.44513888888888886,146
11,4795,8640,3547.76,0.44502314814814814,151
12,0,13742,1.08,1,1
12,5213,13742,33.73,0.620652015718236,1
12,5307,12941,48.11,0.5899080442006027,2
12,5335,12645,66.11,0.5780941083432186,3
12,5340,11963,84.0,0.5536236729917244,4
12,5355,11963,102.49,0.5523698069046226,5
12,5361,11963,133.89,0.5518682604697819,7
12,5362,11963,151.32,0.5517846693973084,8
12,5367,11963,165.97,0.5513667140349411,9
12,5375,11963,184.39,0.5506979854551534,10
12,5375,11252,202.55,0.522307145396374,11
12,5376,11252,215.65,0.5222182723071453,12
12,5383,11243,249.67,0.5212131993240239,13
12,5393,11243,265.05,0.5203237570043583,14
12,5394,11243,281.76,0.5202348127723917,15
12,5402,11243,298.27,0.5195232589166593,16
12,5412,11243,311.94,0.5186338165969937,17
12,5413,11243,350.42,0.5185448723650271,19
12,5417,11243,366.49,0.5181890954371609,20
12,5418,11243,396.32,0.5181001512051944,22
12,5421,11243,411.27,0.5178333185092947,23
12,5424,11243,443.02,0.517566485813395,25
12,5426,11243,458.82,0.5173885973494619,26
12,5427,11243,475.0,0.5172996531174954,27
12,5429,11243,499.5,0.5171217646535622,28
12,5430,11243,531.46,0.5170328204215957,30
12,5434,11243,564.4,0.5166770434937294,32
12,5438,11243,581.99,0.5163212665658632,33
12,5439,11243,597.6,0.5162323223338966,34
12,5441,11243,613.81,0.5160544338699635,35
12,5442,11243,643.28,0.5159654896379969,37
12,5444,11243,673.11,0.5157876011740639,39
12,5445,11243,689.73,0.5156986569420973,40
12,5448,11243,723.11,0.5154318242461976,42
12,5453,11243,738.43,0.5149871030863649,43
12,5455,11243,771.04,0.5148092146224318,45
12,5456,11243,796.04,0.5147202703904652,46
12,5461,11243,818.86,0.5142755492306323,47
12,5464,11243,835.18,0.5140087165347327,48
12,5467,11243,869.33,0.513741883838833,50
12,5468,11243,883.75,0.5136529396068665,51
12,5469,11243,901.31,0.5135639953748999,52
12,5470,11243,933.51,0.5134750511429333,54
12,5472,11243,949.88,0.5132971626790003,55
12,5473,11243,967.31,0.5132082184470337,56
12,5477,11243,982.9,0.5128524415191675,57
12,5479,11243,1012.5,0.5126745530552343,59
12,5480,11243,1026.66,0.5125856088232678,60
12,5482,11243,1059.85,0.5124077203593347,62
12,5483,11243,1076.22,0.5123187761273681,63
12,5484,11243,1131.4,0.5122298318954016,67
12,5486,11243,1162.59,0.5120519434314684,69
12,5489,11243,1175.56,0.5117851107355688,70
12,5490,11243,1207.27,0.5116961665036023,72
12,5492,11243,1237.73,0.5115182780396691,74
12,5494,11243,1252.88,0.511340389575736,75
12,5495,11243,1285.91,0.5112514453437694,77
12,5496,11243,1328.52,0.511162501111803,79
12,5498,11243,1438.4,0.5109846126478698,85
12,5499,11243,1468.65,0.5108956684159033,87
12,5500,11243,1482.99,0.5108067241839367,88
12,5502,11243,1499.03,0.5106288357200035,89
12,5503,11243,1513.49,0.510539891488037,90
12,5506,11243,1530.29,0.5102730587921374,91
12,5509,11243,1545.56,0.5100062260962377,92
12,5510,11243,1576.32,0.5099172818642711,94
12,5511,11243,1593.08,0.5098283376323045,95
12,5512,11243,1608.48,0.509739393400338,96
12,5515,11243,1622.69,0.5094725607044384,97
12,5523,11243,1638.84,0.5087610068487058,98
12,5524,11243,1655.33,0.5086720626167393,99
12,5526,11243,1700.68,0.5084941741528062,102
12,5527,11243,1716.04,0.5084052299208396,103
12,5529,11243,1732.64,0.5082273414569065,104
12,5530,11243,1778.79,0.5081383972249399,107
12,5531,11243,1794.76,0.5080494529929734,108
12,5532,11243,1824.89,0.5079605087610068,110
12,5533,11243,1841.64,0.5078715645290403,111
12,5534,11243,1949.15,0.5077826202970738,118
12,5535,11243,1978.44,0.5076936760651072,120
12,5536,11243,2009.83,0.5076047318331406,122
12,5537,11243,2053.67,0.5075157876011741,125
12,5538,11243,2096.82,0.5074268433692075,128
12,5539,11243,2113.68,0.5073378991372409,129
12,5540,11243,2205.85,0.5072489549052744,135
12,5541,11243,2236.18,0.5071600106733078,137
12,5543,11243,2307.23,0.5069821222093748,139
12,5544,11243,2351.46,0.5068931779774082,142
12,5545,11243,2367.52,0.5068042337454416,143
12,5546,11243,2395.4,0.506715289513475,145
12,5547,11243,2436.12,0.5066263452815085,147
12,5548,11243,2469.78,0.5065374010495419,149
12,5549,11243,2502.84,0.5064484568175753,151
12,5550,11243,2544.59,0.5063595125856089,154
12,5552,11243,2605.96,0.5061816241216757,158
12,5553,11243,2668.57,0.5060926798897092,162
12,5554,11243,2716.87,0.5060037356577426,165
12,5557,11243,2745.32,0.5057369029618429,167
12,5557,11125,2760.08,0.5004943820224719,168
12,5558,11125,2796.13,0.5004044943820225,170
12,5559,11125,2809.26,0.500314606741573,171
12,5560,11125,2825.46,0.5002247191011236,172
12,5561,11125,2840.91,0.5001348314606742,173
12,5562,11125,2854.03,0.5000449438202247,174
12,5563,11125,2886.38,0.49995505617977526,176
12,5564,11125,2914.67,0.49986516853932583,178
12,5565,11125,2947.39,0.4997752808988764,180
12,5566,11125,2960.71,0.499685393258427,181
12,5567,11125,3004.35,0.49959550561797755,184
12,5568,11125,3050.31,0.49950561797752807,187
12,5569,11125,3097.9,0.49941573033707864,190
12,5570,11125,3115.67,0.4993258426966292,191
12,5571,11125,3129.17,0.4992359550561798,192
12,5572,11125,3159.88,0.4991460674157303,194
12,5574,11125,3175.57,0.49896629213483146,195
12,5575,11125,3192.41,0.49887640449438203,196
12,5577,11125,3255.49,0.4986966292134831,200
12,5578,11125,3272.34,0.4986067415730337,201
12,5579,11125,3334.66,0.49851685393258427,205
12,5580,11125,3351.08,0.49842696629213484,206
12,5581,11125,3363.25,0.4983370786516854,207
12,5582,11125,3450.46,0.49824719101123593,210
12,5583,11125,3467.76,0.4981573033707865,211
12,5584,11125,3497.55,0.4980674157303371,213
12,5585,11125,3510.88,0.49797752808988766,214
12,5586,11125,3546.27,0.49788764044943823,216
12,5587,11125,3560.19,0.49779775280898875,217
12,5588,11125,3596.9,0.4977078651685393,219
13,0,15506,0.53,1,1
13,6857,15506,16.93,0.5577840835805494,1
13,6865,14894,23.69,0.5390761380421646,2
13,6981,14745,30.17,0.5265513733468973,3
13,7032,14745,41.52,0.5230925737538149,4
13,7039,14745,48.26,0.5226178365547643,5
13,7048,14745,54.97,0.5220074601559851,6
13,7057,14745,66.18,0.5213970837572058,7
13,7101,14745,73.05,0.5184130213631739,8
13,7109,14745,80.26,0.5178704645642591,9
13,7144,14745,85.51,0.5154967785690064,10
13,7149,14745,97.57,0.5151576805696846,11
13,7157,14745,105.28,0.5146151237707698,12
13,7160,14745,112.88,0.5144116649711766,13
13,7161,14745,122.48,0.5143438453713123,14
13,7179,14745,129.77,0.5131230925737538,15
13,7197,14745,137.17,0.5119023397761954,16
13,7205,14745,142.68,0.5113597829772805,17
13,7213,14745,152.87,0.5108172261783656,18
13,7214,14745,160.64,0.5107494065785012,19
13,7219,14745,168.42,0.5104103085791794,20
13,7220,14745,173.85,0.510342488979315,21
13,7227,14745,186.58,0.5098677517802644,22
13,7228,14745,203.53,0.5097999321804001,24
13,7235,14745,231.48,0.5093251949813496,25
13,7236,14745,240.19,0.5092573753814853,26
13,7245,14745,249.4,0.508646998982706,27
13,7246,14745,256.59,0.5085791793828417,28
13,7255,14745,266.15,0.5079688029840624,29
13,7257,14745,275.07,0.5078331637843336,30
13,7259,14745,280.94,0.5076975245846049,31
13,7263,14745,290.28,0.5074262461851475,32
13,7264,14745,296.54,0.5073584265852832,33
13,7282,14745,302.89,0.5061376737877247,34
13,7283,14745,313.09,0.5060698541878603,35
13,7291,14745,320.97,0.5055272973889454,36
13,7292,14745,330.15,0.5054594777890811,37
13,7294,14745,336.99,0.5053238385893524,38
13,7296,14745,343.5,0.5051881993896236,39
13,7297,14742,349.06,0.5050196716863383,40
13,7299,14742,368.32,0.5048840048840049,41
13,7300,14742,394.32,0.5048161714828382,44
13,7302,14742,400.8,0.5046805046805046,45
13,7315,14742,407.63,0.5037986704653371,46
13,7325,14742,417.6,0.5031203364536698,47
13,7331,14607,423.41,0.49811734100089,48
13,7336,14607,430.67,0.49777503936468814,49
13,7337,14607,438.14,0.4977065790374478,50
13,7340,14607,454.63,0.4975011980557267,52
13,7343,14607,461.92,0.4972958170740056,53
13,7344,14607,471.13,0.49722735674676527,54
13,7349,14607,478.38,0.4968850551105634,55
13,7351,14607,488.98,0.4967481344560827,56
13,7353,14607,496.4,0.49661121380160195,57
13,7354,14607,511.88,0.4965427534743616,59
13,7355,14607,535.22,0.49647429314712127,62
13,7356,14607,541.94,0.4964058328198809,63
13,7357,14607,555.14,0.49633737249264054,65
13,7358,14607,562.39,0.49626891216540014,66
13,7359,14607,581.49,0.4962004518381598,68
13,7361,14607,607.3,0.4960635311836791,70
13,7362,14607,614.2,0.4959950708564387,71
13,7370,14607,643.93,0.4954473882385158,74
13,7373,14607,649.91,0.4952420072567947,75
13,7375,14607,663.52,0.49510508660231395,77
13,7376,14607,681.7,0.4950366262750736,79
13,7378,14607,690.86,0.4948997056205929,80
13,7380,14607,699.51,0.49476278496611215,81
13,7381,14607,706.68,0.49469432463887175,82
13,7384,14607,721.49,0.4944889436571507,84
13,7388,14607,730.23,0.4942151023481892,85
13,7390,14607,739.78,0.4940781816937085,86
13,7391,14607,748.01,0.49400972136646815,87
13,7394,14607,756.45,0.493804340384747,88
13,7397,14607,763.27,0.49359895940302595,89
13,7398,14607,778.06,0.49353049907578556,91
13,7399,14607,785.92,0.4934620387485452,92
13,7400,14607,793.23,0.4933935784213049,93
13,7401,14607,808.99,0.4933251180940645,95
13,7402,14607,826.11,0.49325665776682415,97
13,7403,14607,842.67,0.49318819743958375,99
13,7404,14607,851.15,0.4931197371123434,100
13,7405,14607,873.25,0.493051276785103,103
13,7406,14607,881.89,0.4929828164578627,104
13,7407,14607,897.16,0.4929143561306223,106
13,7408,14607,904.21,0.49284589580338195,107
13,7409,14607,920.18,0.49277743547614156,109
13,7410,14607,947.01,0.4927089751489012,112
13,7411,14607,954.67,0.4926405148216608,113
13,7413,14607,983.3,0.4925035941671801,115
13,7415,14607,990.81,0.4923666735126994,116
13,7418,14607,1001.72,0.4921612925309783,117
13,7420,14607,1008.06,0.49202437187649756,118
13,7422,14607,1016.62,0.4918874512220168,119
13,7424,14607,1025.05,0.4917505305675361,120
13,7426,14607,1033.9,0.49161360991305536,121
13,7428,14607,1043.18,0.49147668925857463,122
13,7429,14607,1058.64,0.4914082289313343,124
13,7430,14607,1067.13,0.49133976860409395,125
13,7431,14607,1074.24,0.49127130827685356,126
13,7432,14607,1082.25,0.4912028479496132,127
13,7433,14607,1099.02,0.4911343876223728,129
13,7440,14607,1118.59,0.4906551653316903,131
13,7442,14607,1137.7,0.49051824467720956,133
13,7443,14607,1145.12,0.4904497843499692,134
13,7446,14607,1154.15,0.4902444033682481,135
13,7447,14607,1170.14,0.49017594304100776,137
13,7448,14607,1176.11,0.49010748271376736,138
13,7449,14607,1185.02,0.490039022386527,139
13,7450,14607,1193.85,0.48997056205928663,140
13,7452,14607,1211.6,0.4898336414048059,142
13,7454,14607,1228.14,0.48969672075032517,144
13,7456,14607,1235.14,0.48955980009584443,145
13,7458,14607,1244.45,0.48942287944136376,146
13,7459,14607,1276.11,0.48935441911412336,150
13,7460,14607,1294.57,0.489285958786883,152
13,7462,14607,1303.32,0.4891490381324023,153
13,7464,14607,1334.77,0.48901211747792156,157
13,7465,14607,1349.01,0.48894365715068117,159
13,7466,14607,1372.67,0.4888751968234408,162
13,7467,14607,1415.05,0.48880673649620043,167
13,7468,14607,1430.34,0.4887382761689601,169
13,7469,14607,1446.38,0.4886698158417197,171
13,7470,14607,1455.85,0.48860135551447936,172
13,7471,14607,1486.61,0.48853289518723897,176
13,7472,14607,1500.7,0.48846443485999863,178
13,7473,14607,1507.2,0.4883959745327583,179
13,7474,14607,1546.27,0.4883275142055179,183
13,7475,14607,1563.1,0.48825905387827756,185
13,7476,14607,1574.68,0.48819059355103717,187
13,7477,14607,1582.81,0.48812213322379683,188
13,7478,14607,1593.19,0.48805367289655643,189
13,7479,14607,1601.16,0.4879852125693161,190
13,7480,14607,1624.0,0.4879167522420757,193
13,7482,14607,1633.94,0.48777983158759497,194
13,7484,14607,1676.99,0.48764291093311424,197
13,7485,14607,1685.32,0.4875744506058739,198
13,7486,14607,1728.08,0.4875059902786335,203
13,7487,14607,1746.28,0.48743752995139317,205
13,7488,14607,1772.66,0.48736906962415283,208
13,7489,14607,1787.78,0.48730060929691243,210
13,7491,14607,1796.3,0.4871636886424317,211
13,7492,14607,1823.8,0.48709522831519136,214
13,7493,14607,1832.16,0.48702676798795097,215
13,7494,14607,1847.8,0.48695830766071063,217
13,7495,14607,1863.99,0.48688984733347024,219
13,7496,14607,1887.54,0.4868213870062299,222
13,7498,14607,1921.08,0.48668446635174917,226
13,7499,14607,1931.77,0.4866160060245088,227
13,7500,14607,1938.4,0.48654754569726844,228
13,7501,14607,1948.4,0.48647908537002804,229
13,7502,14607,1960.62,0.4864106250427877,231
13,7504,14607,1969.8,0.48627370438830697,232
13,7505,14607,1976.73,0.48620524406106663,233
13,7506,14607,2012.32,0.48613678373382624,237
13,7507,14607,2030.85,0.4860683234065859,239
13,7508,14607,2037.15,0.4859998630793455,240
13,7509,14607,2052.32,0.48593140275210517,242
13,7510,14607,2097.38,0.4858629424248648,248
13,7511,14607,2120.97,0.48579448209762444,251
13,7512,14607,2140.1,0.48572602177038404,253
13,7514,14607,2157.44,0.4855891011159033,255
13,7515,14607,2164.04,0.48552064078866297,256
13,7517,14607,2186.1,0.48538372013418224,259
13,7518,14607,2202.43,0.4853152598069419,261
13,7519,14607,2223.31,0.4852467994797015,263
13,7520,14607,2239.88,0.48517833915246117,265
13,7521,14607,2280.38,0.4851098788252208,270
13,7522,14607,2296.93,0.48504141849798044,272
13,7523,14607,2314.67,0.48497295817074004,274
13,7524,14607,2320.4,0.4849044978434997,275
13,7525,14607,2337.18,0.4848360375162593,277
13,7526,14607,2353.18,0.48476757718901897,279
13,7527,14607,2361.14,0.4846991168617786,280
13,7528,14607,2401.87,0.48463065653453824,285
13,7529,14607,2409.48,0.48456219620729785,286
13,7530,14607,2428.88,0.4844937358800575,288
13,7531,14607,2473.12,0.48442527555281717,293
13,7532,14607,2490.04,0.4843568152255768,296
13,7533,14607,2499.63,0.48428835489833644,297
13,7534,14607,2539.22,0.48421989457109604,302
13,7535,14607,2561.19,0.4841514342438557,305
13,7536,14607,2597.42,0.4840829739166153,310
13,7537,14607,2628.92,0.484014513589375,314
13,7538,14607,2654.76,0.4839460532621346,317
13,7539,14607,2685.4,0.48387759293489424,321
13,7540,14607,2702.42,0.48380913260765385,323
13,7541,14607,2740.1,0.4837406722804135,328
13,7542,14607,2751.67,0.4836722119531731,330
13,7543,14607,2763.28,0.4836037516259328,331
13,7544,14607,2800.65,0.4835352912986924,336
13,7545,14607,2838.38,0.48346683097145204,340
13,7546,14607,2850.32,0.4833983706442117,342
13,7547,14607,2946.59,0.4833299103169713,347
13,7548,14607,2953.9,0.483261449989731,348
13,7549,14607,2972.34,0.4831929896624906,350
13,7550,14607,2985.33,0.48312452933525024,352
13,7551,14607,2996.32,0.48305606900800985,353
13,7552,14607,3022.98,0.4829876086807695,356
13,7553,14607,3044.42,0.4829191483535291,359
13,7554,14607,3069.36,0.4828506880262888,362
13,7555,14607,3129.98,0.4827822276990484,369
13,7556,14607,3150.61,0.48271376737180804,371
13,7557,14607,3185.88,0.48264530704456765,375
13,7558,14607,3229.67,0.4825768467173273,380
13,7559,14607,3263.44,0.4825083863900869,384
13,7560,14607,3270.28,0.4824399260628466,385
13,7561,14607,3305.99,0.48237146573560624,389
13,7562,14607,3313.74,0.48230300540836585,390
13,7563,14607,3345.73,0.4822345450811255,394
13,7564,14607,3389.66,0.4821660847538851,399
13,7565,14607,3424.47,0.4820976244266448,403
13,7566,14607,3498.58,0.4820291640994044,407
13,7567,14607,3518.89,0.48196070377216405,410
13,7568,14607,3569.68,0.48189224344492365,415
13,7569,14607,3595.95,0.4818237831176833,418
14,0,42913,4.89,1,1
14,32348,42913,108.51,0.24619579148509776,1
14,32405,42913,175.82,0.24486752266213035,2
14,32405,42711,301.96,0.2412961532157992,4
14,32409,42711,356.75,0.24120250052679637,5
14,32409,42408,423.26,0.23578098471986417,6
14,32418,42408,481.12,0.23556876061120544,7
14,32422,42408,541.29,0.23547443878513488,8
14,32424,42408,600.35,0.2354272778720996,9
14,32433,42408,657.75,0.23521505376344087,10
14,32445,41184,717.68,0.21219405594405594,11
14,32447,41184,832.5,0.2121454933954934,13
14,32450,41184,900.58,0.21207264957264957,14
14,32452,41184,958.93,0.21202408702408704,15
14,32456,41184,1077.22,0.21192696192696192,17
14,32464,41184,1239.89,0.21173271173271174,20
14,32465,41184,1297.46,0.21170843045843046,21
14,32466,41184,1580.68,0.21168414918414918,26
14,32470,41184,1691.34,0.2115870240870241,28
14,32472,41184,1751.83,0.21153846153846154,29
14,32474,41184,1867.19,0.21148989898989898,31
14,32486,41184,1929.7,0.2111985236985237,32
14,32487,41184,2007.9,0.21117424242424243,33
14,32489,41184,2058.14,0.21112567987567987,34
14,32492,41184,2117.58,0.21105283605283606,35
14,32494,41184,2225.04,0.2110042735042735,37
14,32495,41184,2341.62,0.21097999222999222,39
14,32498,41184,2401.69,0.21090714840714841,40
14,32500,41184,2791.37,0.21085858585858586,47
14,32503,41184,2844.8,0.21078574203574205,48
14,32506,41184,2902.03,0.2107128982128982,49
14,32507,41184,3057.97,0.21068861693861693,51
14,32508,41184,3171.08,0.21066433566433568,53
14,32509,41184,3551.7,0.2106400543900544,60
15,0,42519,5.45,1,1
15,31879,42519,72.27,0.2502410686986994,1
15,31925,42519,123.08,0.24915919941673134,2
15,31969,42519,180.65,0.24812436792963147,3
15,31976,42519,238.79,0.24795973564759283,4
15,31986,42519,403.16,0.24772454667325194,7
15,32027,42519,455.64,0.24676027187845434,8
15,32030,42519,505.92,0.24668971518615207,9
15,32032,42519,615.46,0.2466426773912839,11
15,32039,42519,667.95,0.2464780451092453,12
15,32041,42519,724.58,0.24643100731437712,13
15,32050,42519,899.83,0.2462193372374703,16
15,32051,42519,955.64,0.24619581834003623,17
15,32060,42519,1010.57,0.24598414826312942,18
15,32062,42519,1112.47,0.24593711046826125,20
15,32063,42519,1182.02,0.24591359157082715,21
15,32069,42519,1235.58,0.24577247818622264,22
15,32078,42519,1343.62,0.24556080810931583,24
15,32083,42519,1391.03,0.24544321362214538,25
15,32085,42519,1440.76,0.2453961758272772,26
15,32086,42519,1494.84,0.24537265692984314,27
15,32086,42400,1549.78,0.24325471698113207,28
15,32087,42400,1597.32,0.2432311320754717,29
15,32091,42400,1706.69,0.24313679245283018,31
15,32094,42400,1787.09,0.24306603773584906,32
15,32095,42400,1840.14,0.2430424528301887,33
15,32097,42400,1896.78,0.2429952830188679,34
15,32098,42400,1945.46,0.24297169811320754,35
15,32099,42400,2110.68,0.24294811320754717,38
15,32103,42400,2212.93,0.24285377358490565,40
15,32104,42400,2325.48,0.24283018867924527,42
15,32106,42400,2587.77,0.24278301886792453,47
15,32114,42400,2686.75,0.2425943396226415,49
15,32117,42400,2808.36,0.24252358490566037,51
15,32118,42400,2975.43,0.2425,54
15,32120,42400,3029.21,0.24245283018867925,55
15,32121,42400,3083.73,0.24242924528301887,56
15,32124,42400,3231.05,0.24235849056603773,59
15,32125,42400,3400.42,0.24233490566037735,62
15,32126,42400,3450.91,0.24231132075471698,63
15,32127,42400,3502.55,0.2422877358490566,64
15,32129,42400,3558.08,0.24224056603773586,65
15,32130,42400,3610.73,0.24221698113207546,66
16,0,48190,2.02,1,1
16,32610,48190,58.14,0.3233035899564225,1
16,32643,48190,99.01,0.3226188005810334,2
16,32676,47488,140.59,0.3119103773584906,3
16,32680,47228,179.89,0.3080376048107055,4
16,32696,47228,225.89,0.30769882273227744,5
16,32733,47228,268.56,0.3069153891759126,6
16,32813,47228,310.61,0.3052214787837723,7
16,32828,47228,349.78,0.30490387058524604,8
16,32829,47228,389.72,0.3048826967053443,9
16,32846,47228,435.28,0.30452274074701446,10
16,32848,47152,473.13,0.3033593484899898,11
16,32863,47152,514.35,0.3030412283678317,12
16,32869,47152,556.97,0.30291398031896843,13
16,32878,46829,598.72,0.29791368596382584,14
16,32881,46829,696.56,0.29784962309679897,16
16,32893,46829,735.46,0.29759337162869165,17
16,32898,46829,775.4,0.29748660018364687,18
16,32900,46829,816.56,0.297443891605629,19
16,32902,46829,854.29,0.2974011830276111,20
16,32916,46763,892.24,0.29611017257233285,21
16,32917,46763,941.98,0.2960887881444732,22
16,32921,46763,980.99,0.29600325043303466,23
16,32921,46398,1026.06,0.29046510625457994,24
16,32936,46398,1063.3,0.29014181645760595,25
16,32941,46398,1100.55,0.2900340531919479,26
16,32949,46398,1140.58,0.28986163196689513,27
16,32952,46398,1175.65,0.2897969740075003,28
16,32954,46398,1214.39,0.28975386870123715,29
16,32954,45998,1249.64,0.283577546849863,30
16,32955,45998,1293.95,0.28355580677420755,31
16,32968,45998,1397.11,0.28327318579068655,33
16,32972,45998,1475.06,0.2831862254880647,35
16,32974,45998,1510.43,0.28314274533675376,36
16,32976,45998,1589.02,0.28309926518544287,38
16,32984,45998,1633.2,0.28292534458019913,39
16,32985,45998,1712.81,0.28290360450454366,41
16,32987,45998,1750.32,0.28286012435323277,42
16,32988,45998,1788.46,0.2828383842775773,43
16,32989,45998,1869.59,0.2828166442019218,45
16,32992,45998,1907.32,0.28275142397495545,46
16,32993,45998,1993.86,0.2827296838993,48
16,32994,45998,2033.46,0.2827079438236445,49
16,32995,45998,2102.63,0.28268620374798903,50
16,32998,45998,2146.34,0.28262098352102266,51
16,33001,45998,2226.26,0.28255576329405624,53
16,33004,45998,2306.75,0.28249054306708987,55
16,33010,45998,2347.03,0.2823601026131571,56
16,33011,45998,2389.65,0.2823383625375016,57
16,33014,45998,2433.04,0.28227314231053524,58
16,33017,45998,2473.76,0.2822079220835689,59
16,33019,45998,2512.37,0.2821644419322579,60
16,33021,45998,2552.39,0.282120961780947,61
16,33022,45998,2598.26,0.28209922170529156,62
16,33023,45998,2635.34,0.2820774816296361,63
16,33026,45998,2673.62,0.28201226140266966,64
16,33027,45998,2713.63,0.28199052132701424,65
16,33029,45998,2788.83,0.2819470411757033,67
16,33031,45998,2828.52,0.28190356102439235,68
16,33038,45951,2913.28,0.28101673521794956,70
16,33040,45951,2953.59,0.2809732105938935,71
16,33041,45951,2996.3,0.28095144828186547,72
16,33042,45951,3035.39,0.2809296859698374,73
16,33044,45951,3116.12,0.28088616134578137,75
16,33045,45951,3195.06,0.2808643990337533,77
16,33048,45951,3234.33,0.2807991120976693,78
16,33052,45951,3272.43,0.28071206284955713,79
16,33053,45951,3353.95,0.2806903005375291,81
16,33054,45951,3393.59,0.2806685382255011,82
16,33056,45951,3443.86,0.28062501360144504,83
16,33057,45951,3530.53,0.280603251289417,84
16,33060,45951,3570.25,0.2805379643533329,85
17,0,56952,0.83,1,1
17,37309,56952,26.4,0.3449044809664279,1
17,37422,56822,43.9,0.3414170567737848,2
17,37619,56366,74.02,0.33259411702089914,4
17,37628,56366,91.3,0.3324344462974133,5
17,37679,56366,107.45,0.33152964553099384,6
17,37799,56366,125.16,0.3294007025511833,7
17,37895,56366,139.35,0.32769754816733493,8
17,37912,56366,157.89,0.3273959479118618,9
17,37932,56366,175.32,0.32704112408189334,10
17,37944,56366,193.51,0.3268282297839123,11
17,37976,56366,212.05,0.3262605116559628,12
17,38014,56366,230.38,0.32558634637902284,13
17,38018,56366,249.51,0.3255153816130291,14
17,38043,56366,267.7,0.3250718518255686,15
17,38050,56366,284.17,0.32494766348507964,16
17,38065,56366,303.8,0.3246815456126033,17
17,38071,56366,324.14,0.3245750984636128,18
17,38112,56366,342.9,0.32384770961217757,19
17,38118,56366,361.15,0.323741262463187,20
17,38156,56366,381.5,0.32306709718624704,21
17,38159,56366,400.81,0.32301387361175177,22
17,38165,56366,417.21,0.3229074264627612,23
17,38172,56366,437.03,0.3227832381222723,24
17,38224,56366,456.6,0.3218606961643544,25
17,38247,56366,477.54,0.3214526487598907,26
17,38248,56366,520.39,0.32143490756839227,28
17,38268,56366,541.3,0.3210800837384239,29
17,38273,56366,558.35,0.3209913777809318,30
17,38285,56366,579.67,0.32077848348295074,31
17,38287,56366,600.51,0.32074300109995385,32
17,38293,56366,620.64,0.32063655395096335,33
17,38300,56366,642.43,0.3205123656104744,34
17,38303,56366,664.01,0.32045914203597914,35
17,38306,56366,681.57,0.32040591846148386,36
17,38314,56366,703.33,0.3202639889294965,37
17,38322,56366,724.95,0.32012205939750915,38
17,38332,56366,747.14,0.31994464748252494,39
17,38341,56366,769.35,0.31978497675903916,40
17,38344,56366,790.15,0.3197317531845439,41
17,38345,56366,807.45,0.31971401199304544,42
17,38358,56366,829.0,0.31948337650356595,43
17,38361,56366,869.57,0.31943015292907073,44
17,38363,56366,889.65,0.3193946705460739,45
17,38374,56366,910.06,0.31919951743959124,46
17,38380,56366,930.41,0.31909307029060074,47
17,38381,56366,951.75,0.3190753290991023,48
17,38387,56366,972.12,0.31896888195011175,49
17,38388,56366,991.14,0.31895114075861336,50
17,38400,56366,1013.26,0.3187382464606323,51
17,38403,56366,1033.73,0.31868502288613704,52
17,38406,56366,1072.95,0.31863179931164176,54
17,38408,56366,1092.52,0.31859631692864493,55
17,38414,56366,1113.72,0.3184898697796544,56
17,38418,56366,1134.86,0.3184189050136607,57
17,38419,56366,1153.06,0.31840116382216227,58
17,38422,56366,1172.21,0.31834794024766705,59
17,38423,56366,1191.04,0.3183301990561686,60
17,38424,56366,1210.56,0.3183124578646702,61
17,38425,56366,1231.98,0.3182947166731718,62
17,38431,56366,1250.91,0.3181882695241812,63
17,38439,56366,1289.63,0.3180463399921939,65
17,38443,56366,1309.4,0.3179753752262002,66
17,38446,56366,1329.25,0.31792215165170495,67
17,38447,56366,1348.43,0.3179044104602065,68
17,38462,56366,1367.3,0.3176382925877302,69
17,38466,56366,1385.76,0.3175673278217365,70
17,38467,56366,1427.83,0.3175495866302381,72
17,38474,56366,1448.44,0.31742539828974914,73
17,38475,56366,1468.64,0.3174076570982507,74
17,38484,56366,1554.19,0.3172479863747649,77
17,38485,56366,1574.48,0.31723024518326653,78
17,38487,56366,1595.39,0.31719476280026965,79
17,38489,56366,1619.95,0.3171592804172728,80
17,38491,56366,1638.73,0.317123798034276,81
17,38498,56366,1659.73,0.31699960969378704,82
17,38500,56366,1680.67,0.3169641273107902,83
17,38504,56366,1719.03,0.3168931625447965,85
17,38506,56366,1738.85,0.31685768016179966,86
17,38506,56343,1758.03,0.31657881191984805,87
17,38508,56343,1778.88,0.3165433150524466,88
17,38509,56343,1797.0,0.31652556661874587,89
17,38510,56343,1833.98,0.31650781818504514,91
17,38511,56343,1854.25,0.3164900697513444,92
17,38515,56343,1874.48,0.31641907601654157,93
17,38516,56343,1894.02,0.31640132758284084,94
17,38517,56343,1916.15,0.3163835791491401,95
17,38525,56343,1937.3,0.3162415916795343,96
17,38528,56343,1956.35,0.31618834637843213,97
17,38535,56343,1979.26,0.31606410734252705,98
17,38539,56343,2021.08,0.31599311360772414,100
17,38540,56343,2041.3,0.3159753651740234,101
17,38543,56343,2060.95,0.31592211987292124,102
17,38547,56343,2101.64,0.31585112613811833,104
17,38550,56343,2120.57,0.31579788083701615,105
17,38551,56343,2140.93,0.31578013240331543,106
17,38553,56343,2182.17,0.315744635535914,108
17,38554,56343,2221.42,0.31572688710221325,110
17,38556,56343,2243.37,0.3156913902348118,111
17,38557,56343,2265.32,0.31567364180111107,112
17,38558,56343,2306.69,0.31565589336741035,114
17,38559,56343,2326.21,0.3156381449337096,115
17,38560,56343,2366.53,0.3156203965000089,117
17,38566,56343,2387.34,0.31551390589780454,118
17,38567,56343,2406.47,0.3154961574641038,119
17,38568,56343,2427.72,0.3154784090304031,120
17,38569,56343,2473.13,0.31546066059670236,122
17,38571,56343,2493.15,0.3154251637293009,123
17,38572,56343,2509.6,0.3154074152956002,124
17,38574,56343,2528.86,0.3153719184281987,125
17,38578,56343,2548.89,0.3153009246933958,126
17,38579,56343,2569.41,0.3152831762596951,127
17,38580,56343,2588.3,0.31526542782599437,128
17,38582,56343,2674.29,0.3152299309585929,132
17,38583,56343,2693.49,0.3152121825248922,133
17,38585,56343,2713.28,0.31517668565749074,134
17,38586,56343,2737.13,0.31515893722379,135
17,38587,56343,2777.64,0.3151411887900893,136
17,38597,56343,2815.09,0.314963704453082,137
17,38599,56343,2854.75,0.3149282075856806,139
17,38600,56343,2876.65,0.31491045915197985,140
17,38602,56343,2897.62,0.3148749622845784,141
17,38605,56343,2919.37,0.3148217169834762,142
17,38606,56343,2939.28,0.3148039685497755,143
17,38609,56343,2958.86,0.3147507232486733,144
17,38612,56343,2979.78,0.31469747794757114,145
17,38614,56343,3022.26,0.3146619810801697,147
17,38615,56343,3041.63,0.31464423264646896,148
17,38616,56343,3062.74,0.31462648421276823,149
17,38617,56343,3126.19,0.3146087357790675,152
17,38618,56343,3146.28,0.3145909873453668,153
17,38619,56343,3166.72,0.31457323891166605,154
17,38620,56343,3188.0,0.3145554904779653,155
17,38622,56343,3208.74,0.3145199936105639,156
17,38623,56343,3228.62,0.31450224517686315,157
17,38626,56343,3249.22,0.31444899987576097,158
17,38629,56343,3271.59,0.3143957545746588,159
17,38632,56343,3292.22,0.3143425092735566,160
17,38633,56343,3315.26,0.3143247608398559,161
17,38636,56343,3335.6,0.3142715155387537,162
17,38640,56343,3356.16,0.3142005218039508,163
17,38644,56343,3421.25,0.3141295280691479,166
17,38648,56343,3463.62,0.314058534334345,168
17,38649,56343,3530.36,0.31404078590064427,171
17,38650,56343,3551.32,0.31402303746694354,172
17,38651,56343,3573.33,0.3140052890332428,173
17,38652,56343,3617.67,0.3139875405995421,175
18,0,47777,11.99,1,1
18,19336,47777,167.19,0.5952864348954517,1
18,19347,47777,343.58,0.5950561985892794,2
18,19365,47777,699.82,0.5946794482700881,4
18,19401,46877,863.99,0.5861296584679053,5
18,19442,46877,1041.5,0.5852550291187576,6
18,19447,46877,1214.88,0.5851483670030079,7
18,19457,46877,1386.35,0.5849350427715084,8
18,19461,46877,1550.71,0.5848497130789087,9
18,19464,46877,1896.91,0.5847857158094588,11
18,19467,46877,2068.19,0.584721718540009,12
18,19473,46877,2219.53,0.5845937240011093,13
18,19478,46877,2368.22,0.5844870618853596,14
18,19485,46877,2528.45,0.58433773492331,15
18,19493,46877,2721.43,0.5841670755381104,16
18,19495,46877,2869.85,0.5841244106918105,17
18,19497,46877,3040.16,0.5840817458455106,18
18,19498,46877,3190.87,0.5840604134223606,19
18,19500,46877,3348.6,0.5840177485760607,20
18,19504,46877,3518.15,0.5839324188834609,21
18,19508,46877,3684.29,0.5838470891908611,22
19,0,52052,9.13,1,1
19,19403,52052,153.41,0.6272381464689157,1
19,19414,50380,313.02,0.6146486701071854,2
19,19468,49797,635.12,0.6090527541819788,4
19,19509,49797,808.66,0.6082294114103259,5
19,19514,49797,982.95,0.6081290037552463,6
19,19524,49797,1144.37,0.607928188445087,7
19,19528,49797,1486.51,0.6078478623210234,9
19,19531,49797,1806.68,0.6077876177279756,11
19,19534,49797,2148.64,0.6077273731349279,13
19,19540,49797,2297.17,0.6076068839488322,14
19,19549,49797,2442.98,0.6074261501696889,15
19,19552,49797,2743.75,0.6073659055766412,17
19,19562,49797,2914.89,0.6071650902664819,18
19,19564,49797,3110.2,0.6071249272044501,19
19,19565,49797,3256.79,0.6071048456734341,20
19,19567,49797,3407.0,0.6070646826114023,21
19,19571,49797,3549.13,0.6069843564873386,22
20,0,58562,6.36,1,1
20,20493,58562,143.37,0.6500631809022915,1
20,20636,58562,268.52,0.6476213244083194,2
20,20646,58562,411.6,0.6474505652129368,3
20,20682,58562,546.23,0.6468358321095591,4
20,20690,58562,670.71,0.6466992247532529,5
20,20692,57138,802.34,0.6378592180335328,6
20,20702,57138,933.52,0.6376842031572684,7
20,20715,57138,1048.0,0.6374566838181246,8
20,20727,57138,1177.76,0.6372466659666072,9
20,20742,57138,1306.86,0.6369841436522105,10
20,20747,57075,1442.07,0.6364958388085852,11
20,20781,56781,1580.11,0.6340148993501348,12
20,20785,56419,1712.22,0.6315957390240876,13
20,20796,56122,1866.46,0.629450126510103,14
20,20798,56122,2111.45,0.6294144898613734,16
20,20801,56122,2231.3,0.6293610348882791,17
20,20810,56122,2356.02,0.6292006699689962,18
20,20816,56122,2493.01,0.6290937600228075,19
20,20818,56122,2632.67,0.6290581233740778,20
20,20825,56122,2767.28,0.6289333951035244,21
20,20833,56122,3025.05,0.6287908485086062,23
20,20840,56122,3159.08,0.6286661202380528,24
20,20852,56122,3281.07,0.6284523003456755,25
20,20853,56122,3449.76,0.6284344820213107,26
20,20855,55896,3576.1,0.626896378989552,27
20,20861,55896,3711.16,0.6267890367825962,28
21,0,86181,2.12,1,1
21,26571,86181,71.79,0.6916837818080551,1
21,26762,85327,125.46,0.686359534496701,2
21,26881,83103,181.43,0.6765339398096338,3
21,27177,83103,237.44,0.6729720948702212,4
21,27439,83103,292.61,0.6698193807684439,5
21,28122,83103,348.04,0.6616006642359482,6
21,28258,83103,403.88,0.6599641408854072,7
21,28289,83103,460.69,0.6595911098275634,8
21,28310,83103,518.66,0.6593384113690239,9
21,28357,83103,574.84,0.658772848152293,10
21,28447,83103,631.47,0.6576898547585527,11
21,28473,83103,688.07,0.657376990000361,12
21,28509,83103,745.16,0.6569437926428648,13
21,28569,81909,807.07,0.6512104896897777,14
21,28633,81909,885.72,0.6504291347715148,15
21,28694,81909,939.78,0.6496844058650454,16
21,28706,81909,998.46,0.6495379018178711,17
21,28736,81909,1064.86,0.6491716416999352,18
21,28773,81909,1131.37,0.6487199208878145,19
21,28781,81909,1201.25,0.6486222515230317,20
21,28803,81909,1256.12,0.6483536607698788,21
21,28817,81909,1310.4,0.6481827393815087,22
21,28888,81909,1365.12,0.6473159237690608,23
21,28890,81541,1421.72,0.6456997093486713,24
21,28910,81541,1477.95,0.645454433965735,25
21,28914,81541,1533.78,0.6454053788891478,26
21,28918,81541,1591.78,0.6453563238125606,27
21,28930,81541,1648.39,0.6452091585827988,28
21,28935,81541,1737.33,0.6451478397370648,29
21,28946,81541,1796.83,0.6450129382764499,30
21,28947,81541,1861.03,0.645000674507303,31
21,28948,81541,1916.62,0.6449884107381563,32
21,28960,81541,1975.13,0.6448412455083945,33
21,28966,81541,2032.88,0.6447676628935137,34
21,28977,81541,2093.15,0.6446327614328988,35
21,28986,81541,2155.31,0.6445223875105776,36
21,28987,81541,2215.48,0.6445101237414307,37
21,28990,81541,2272.7,0.6444733324339903,38
21,28995,81541,2333.96,0.6444120135882562,39
21,28997,81541,2393.3,0.6443874860499625,40
21,29017,81541,2460.48,0.6441422106670264,41
21,29028,81541,2544.04,0.6440073092064115,42
21,29032,81541,2602.2,0.6439582541298242,43
21,29035,81541,2661.14,0.6439214628223838,44
21,29049,81541,2726.76,0.6437497700543285,45
21,29053,81541,2788.02,0.6437007149777413,46
21,29054,81541,2848.12,0.6436884512085944,47
21,29071,81541,2905.0,0.6434799671330987,48
21,29080,81541,2961.88,0.6433695932107774,49
21,29082,81541,3024.24,0.6433450656724837,50
21,29087,81541,3081.87,0.6432837468267497,51
21,29098,81541,3144.19,0.6431488453661348,52
21,29104,81541,3206.2,0.6430752627512539,53
21,29111,81541,3265.95,0.6429894163672263,54
21,29125,81541,3326.44,0.642817723599171,55
21,29136,81541,3384.74,0.6426828221385561,56
21,29141,81541,3446.99,0.642621503292822,57
21,29145,81541,3504.48,0.6425724482162348,58
21,29153,81541,3574.18,0.6424743380630603,59
21,29158,81541,3633.05,0.6424130192173263,60
22,0,30705,1.47,1,1
22,27250,30705,23.56,0.11252239049014819,1
22,27250,29940,64.26,0.08984635938543754,4
22,27255,29940,135.38,0.08967935871743488,9
22,27255,29570,159.23,0.07828880622252282,11
22,27260,29570,170.61,0.07811971592830572,12
22,27265,29570,207.7,0.0779506256340886,15
22,27280,29480,230.33,0.07462686567164178,17
22,27285,29480,354.22,0.07445725915875169,26
22,27290,29480,378.21,0.0742876526458616,28
22,27310,29480,425.6,0.07360922659430122,32
22,27315,29480,458.71,0.07343962008141112,35
22,27320,29480,484.88,0.07327001356852103,37
22,27325,29480,672.08,0.07310040705563094,41
22,27330,29480,817.48,0.07293080054274084,43
22,27340,29480,897.13,0.07259158751696065,45
22,27345,29480,2105.47,0.07242198100407056,57
22,27345,29230,2201.84,0.06448853917208347,58
22,27355,29230,2394.88,0.06414642490591858,60
22,27360,29230,2442.13,0.06397536777283613,61
22,27370,29230,2752.21,0.06363325350667123,65
22,27375,29230,3484.7,0.06346219637358878,73
22,27380,29230,3713.95,0.06329113924050633,75
23,0,31250,1.88,1,1
23,27370,31250,26.31,0.12416,1
23,27430,31250,33.27,0.12224,1
23,27430,29700,42.77,0.07643097643097643,2
23,27435,29700,61.49,0.07626262626262627,4
23,27435,29435,71.11,0.06794632240529981,5
23,27435,29000,79.88,0.05396551724137931,6
23,27440,29000,89.75,0.05379310344827586,7
23,27470,29000,98.59,0.05275862068965517,8
23,27475,29000,145.57,0.052586206896551725,13
23,27480,29000,164.63,0.05241379310344828,15
23,27490,29000,190.28,0.052068965517241377,18
23,27495,29000,276.33,0.05189655172413793,27
23,27510,29000,344.88,0.05137931034482759,35
23,27515,29000,377.95,0.05120689655172414,38
23,27520,29000,395.46,0.05103448275862069,40
23,27530,29000,435.49,0.05068965517241379,44
23,27535,29000,589.51,0.050517241379310344,50
23,27545,29000,677.03,0.05017241379310345,52
23,27550,29000,749.7,0.05,54
23,27560,29000,818.91,0.0496551724137931,56
23,27570,29000,861.96,0.04931034482758621,57
23,27575,29000,996.57,0.04913793103448276,60
23,27580,29000,1094.7,0.04896551724137931,62
23,27585,29000,1332.03,0.048793103448275865,67
23,27590,29000,1470.19,0.04862068965517241,70
23,27595,29000,1515.22,0.048448275862068964,71
23,27610,29000,1560.31,0.04793103448275862,72
23,27620,29000,1605.55,0.04758620689655172,73
23,27625,29000,1651.27,0.04741379310344827,74
23,27630,29000,1804.62,0.047241379310344826,77
23,27635,29000,2028.3,0.04706896551724138,82
23,27650,29000,2077.13,0.04655172413793104,83
23,27660,29000,2271.24,0.046206896551724136,87
23,27665,29000,2474.56,0.04603448275862069,91
23,27670,29000,3048.08,0.04586206896551724,102
23,27675,29000,3629.16,0.045689655172413794,112
24,0,29530,1.55,1,1
24,27370,29530,22.03,0.07314595326786319,1
24,27375,29530,28.05,0.072976633931595,1
24,27385,29530,34.93,0.07263799525905859,2
24,27400,29530,41.74,0.07213003725025398,3
24,27430,29530,42.39,0.07111412123264477,3
24,27435,29530,49.08,0.07094480189637657,4
24,27440,29530,56.05,0.07077548256010836,5
24,27460,29530,62.82,0.07009820521503556,6
24,27465,29530,100.44,0.06992888587876736,11
24,27470,29530,134.24,0.06975956654249915,16
24,27475,29530,149.08,0.06959024720623096,18
24,27480,29530,155.31,0.06942092786996275,19
24,27490,29530,161.87,0.06908228919742634,20
24,27505,29530,187.77,0.06857433118862175,24
24,27520,29530,194.16,0.06806637317981713,25
24,27525,29530,206.48,0.06789705384354894,27
24,27530,29530,214.27,0.06772773450728073,28
24,27535,29530,244.97,0.06755841517101253,32
24,27545,29530,251.97,0.06721977649847613,33
24,27550,29530,258.62,0.06705045716220792,34
24,27555,29530,291.4,0.06688113782593973,39
24,27580,29530,297.52,0.06603454114459871,40
24,27585,29530,317.49,0.06586522180833052,43
24,27590,29530,324.11,0.0656959024720623,44
24,27615,29530,331.0,0.0648493057907213,45
24,27640,29530,337.46,0.06400270910938029,46
24,27650,29530,343.59,0.06366407043684388,47
24,27660,29530,350.12,0.06332543176430748,48
24,27665,29530,381.73,0.06315611242803928,53
24,27670,29530,390.71,0.06298679309177108,54
24,27690,29530,399.95,0.062309515746698275,55
24,27700,29530,406.54,0.06197087707416187,56
24,27705,29530,419.89,0.06180155773789367,58
24,27710,29530,425.94,0.06163223840162547,59
24,27720,29530,432.29,0.061293599729089064,60
24,27730,29530,464.08,0.06095496105655266,62
24,27740,29530,610.02,0.06061632238401626,67
24,27745,29530,729.7,0.060447003047748055,71
24,27750,29530,780.8,0.06027768371147985,73
24,27755,29530,1086.71,0.06010836437521165,84
24,27760,29530,1501.61,0.05993904503894345,97
24,27765,29530,1833.85,0.05976972570267525,106
24,27770,29530,2295.41,0.059600406366407045,119
24,27775,29530,2842.62,0.05943108703013884,133
24,27780,29530,3448.29,0.05926176769387064,147
25,0,83980,1.01,1,1
25,28110,83980,14.53,0.6652774470111932,1
25,28120,83980,19.49,0.665158371040724,2
25,28130,83980,24.37,0.6650392950702548,3
25,28135,83980,29.28,0.6649797570850202,4
25,28135,83865,64.83,0.6645203601025458,11
25,28140,83865,112.81,0.6644607404757646,20
25,28145,83865,140.22,0.6644011208489835,25
25,28155,83865,161.6,0.6642818815954212,29
25,28160,83865,171.37,0.6642222619686401,31
25,28165,83865,191.37,0.664162642341859,35
25,28170,83865,269.92,0.6641030227150778,50
25,28175,83865,334.64,0.6640434030882967,63
25,28180,83865,345.44,0.6639837834615155,65
25,28185,83865,358.56,0.6639241638347344,67
25,28190,83865,366.37,0.6638645442079533,68
25,28195,83865,381.42,0.6638049245811721,71
25,28200,83760,422.27,0.663323782234957,79
25,28210,83760,451.25,0.6632043935052531,84
25,28215,83760,568.49,0.6631446991404012,90
25,28220,83760,792.86,0.6630850047755492,101
25,28225,83760,926.04,0.6630253104106972,107
25,28230,83760,1021.86,0.6629656160458453,112
25,28230,83550,1083.13,0.6621184919210054,115
25,28235,83550,1181.9,0.6620586475164573,120
25,28240,83550,1319.31,0.6619988031119091,126
25,28245,83550,1491.53,0.6619389587073609,134
25,28250,83550,1583.89,0.6618791143028127,138
25,28255,83550,2005.79,0.6618192698982646,155
25,28260,83550,2718.17,0.6617594254937164,180
25,28265,83550,3519.13,0.6616995810891682,206
26,0,307,3.21,1,1
26,88,307,32.86,0.7133550488599348,1
26,99,307,45.75,0.6775244299674267,2
26,101,291,56.26,0.6529209621993127,3
26,102,290,68.26,0.6482758620689655,4
26,104,290,78.91,0.6413793103448275,5
26,104,289,90.02,0.6401384083044983,6
26,105,289,101.14,0.6366782006920415,7
26,106,289,112.71,0.6332179930795848,8
26,108,289,135.67,0.6262975778546713,10
26,108,281,157.42,0.6156583629893239,12
26,109,281,177.71,0.6120996441281139,14
26,110,281,209.87,0.608540925266904,17
26,111,281,264.43,0.604982206405694,22
26,112,281,305.58,0.6014234875444839,26
26,113,281,359.91,0.597864768683274,32
26,114,281,412.51,0.594306049822064,37
26,115,281,494.81,0.5907473309608541,44
26,116,281,764.56,0.5871886120996441,50
26,117,281,1451.44,0.5836298932384342,64
26,118,281,2408.39,0.5800711743772242,80
27,0,1731,12.69,1,1
27,158,1731,172.76,0.9087232813402657,1
27,166,1731,531.28,0.9041016753321779,3
27,167,1731,704.74,0.903523974581167,4
27,168,1731,2026.7,0.902946273830156,7
27,172,1731,3604.27,0.9006354708261121,9
28,0,406,2.11,1,1
28,65,406,27.4,0.8399014778325123,1
28,65,401,42.88,0.8379052369077307,2
28,67,401,58.07,0.8329177057356608,3
28,69,401,73.52,0.827930174563591,4
28,72,401,116.5,0.8204488778054863,7
28,73,396,156.33,0.8156565656565656,10
28,74,396,170.44,0.8131313131313131,11
28,75,396,207.93,0.8106060606060606,14
28,75,387,226.97,0.8062015503875969,15
28,76,387,287.01,0.8036175710594315,19
28,77,387,311.89,0.8010335917312662,21
28,77,381,322.53,0.7979002624671916,22
28,78,381,612.45,0.7952755905511811,37
28,78,377,1327.38,0.7931034482758621,47
28,79,377,1608.1,0.7904509283819628,51
29,0,583,2.48,1,1
29,164,583,27.09,0.7186963979416809,1
29,165,583,39.17,0.7169811320754716,2
29,167,575,50.93,0.7095652173913043,3
29,171,575,75.09,0.7026086956521739,5
29,172,575,86.32,0.7008695652173913,6
29,173,575,100.35,0.6991304347826087,7
29,174,575,123.88,0.697391304347826,9
29,175,575,148.82,0.6956521739130435,11
29,176,575,160.33,0.6939130434782609,12
29,177,575,266.67,0.6921739130434783,21
29,177,537,314.13,0.6703910614525139,25
29,177,515,349.11,0.6563106796116505,28
29,178,515,373.03,0.654368932038835,30
29,179,515,588.3,0.6524271844660194,40
29,180,515,2410.4,0.6504854368932039,73
30,0,1178,4.35,1,1
30,379,1178,26.82,0.6782682512733447,1
30,380,1178,62.87,0.6774193548387096,2
30,383,1178,99.03,0.6748726655348047,3
30,384,1175,133.36,0.6731914893617021,4
30,387,1175,204.71,0.6706382978723404,6
30,388,1175,273.9,0.6697872340425531,8
30,388,1153,454.04,0.6634865568083261,13
30,390,1153,490.0,0.6617519514310495,14
30,391,1148,698.16,0.6594076655052264,17
30,392,1148,832.05,0.6585365853658537,18
30,392,1106,1972.03,0.6455696202531646,25
30,394,1106,2717.6,0.64376130198915,29
30,395,1106,3052.21,0.6428571428571429,31
31,0,1870,6.52,1,1
31,508,1870,41.11,0.7283422459893049,1
31,528,1870,105.34,0.7176470588235294,2
31,539,1865,171.33,0.7109919571045576,3
31,548,1865,234.48,0.7061662198391421,4
31,549,1865,296.91,0.7056300268096515,5
31,550,1865,361.81,0.7050938337801609,6
31,553,1865,494.46,0.703485254691689,8
31,555,1865,567.79,0.7024128686327078,9
31,556,1865,804.34,0.7018766756032172,10
31,557,1864,1607.81,0.7011802575107297,13
31,558,1864,1914.6,0.7006437768240343,14
31,559,1864,3362.85,0.700107296137339,18
31,559,1854,3761.24,0.6984897518878102,19
32,0,2172,11.36,1,1
32,638,2172,127.01,0.7062615101289135,1
32,648,2171,272.76,0.7015200368493781,2
32,652,2171,421.35,0.699677567941041,3
32,654,2171,541.01,0.6987563334868724,4
32,657,2171,668.56,0.6973744818056196,5
32,658,2171,1362.6,0.6969138645785352,7
32,659,2171,1952.21,0.696453247351451,8
32,660,2171,2492.86,0.6959926301243666,9
33,0,3154,24.48,1,1
33,720,3154,253.32,0.771718452758402,1
33,739,3153,590.58,0.7656200444021567,2
33,743,3153,1126.28,0.7643514113542658,3
33,744,3153,2182.95,0.764034253092293,4
33,745,3153,4870.8,0.7637170948303204,6
34,0,3513,65.96,1,1
34,386,3513,319.34,0.8901224025049815,1
34,401,3488,727.84,0.8850344036697247,2
34,407,3488,1716.19,0.8833142201834863,3
34,417,3486,3144.37,0.8803786574870912,4
34,421,3486,4863.14,0.8792312105565118,5
35,0,3030,67.65,1,1
35,320,3030,503.6,0.8943894389438944,1
35,326,3030,2387.93,0.8924092409240925,2
35,326,2997,6587.09,0.8912245578912246,3
36,0,3181,89.76,1,1
36,96,3181,485.23,0.9698208110657026,1
36,97,3104,2293.65,0.96875,2
36,97,3102,6012.21,0.9687298517085751,3
37,0,3380,104.19,1,1
37,36,3380,530.26,0.9893491124260355,1
37,50,3380,2027.04,0.985207100591716,2
37,56,3380,5256.3,0.9834319526627219,3
38,0,17454,2.72,1,1
38,9099,17454,37.91,0.4786868339635614,1
38,9110,17454,60.33,0.4780566059356022,2
38,9143,17454,81.85,0.4761659218517245,3
38,9189,17454,101.58,0.4735304228257133,4
38,9207,17454,123.12,0.4724991405981437,5
38,9210,17454,141.58,0.4723272602268821,6
38,9235,17454,164.85,0.47089492379970205,7
38,9241,17454,187.52,0.47055116305717887,8
38,9245,17454,204.64,0.47032198922883006,9
38,9250,17454,228.12,0.47003552194339404,10
38,9252,17454,246.31,0.46992093502921967,11
38,9256,17454,263.68,0.46969176120087086,12
38,9265,17454,282.38,0.46917612008708603,13
38,9268,17454,302.99,0.46900423971582444,14
38,9275,17454,326.22,0.46860318551621405,15
38,9278,17454,366.93,0.46843130514495246,17
38,9283,17427,386.6,0.4673208240087221,18
38,9300,17427,406.16,0.4663453262179377,19
38,9301,17427,426.74,0.4662879439949504,20
38,9306,17427,452.39,0.46600103288001377,21
38,9308,17427,469.37,0.46588626843403913,22
38,9311,17427,539.7,0.4657141217650772,25
38,9312,17427,585.73,0.46565673954208986,26
38,9313,17427,794.11,0.46559935731910257,28
38,9315,17427,998.79,0.4654845928731279,30
38,9317,17427,1151.46,0.46536982842715324,31
38,9321,17427,1223.77,0.46514029953520397,32
38,9323,17427,1626.97,0.46502553508922934,36
38,9325,17427,1712.63,0.4649107706432547,37
38,9326,17427,1843.32,0.4648533884202674,38
38,9330,17427,1920.78,0.46462385952831814,39
38,9331,17427,2004.15,0.4645664773053308,40
38,9332,17427,2087.58,0.4645090950823435,41
38,9335,17427,2178.49,0.4643369484133815,42
38,9337,17427,2490.35,0.4642221839674069,45
38,9338,17427,2817.79,0.4641648017444196,47
38,9342,17427,2906.33,0.4639352728524703,48
38,9344,17427,3055.6,0.4638205084064957,49
38,9345,17427,3441.44,0.46376312618350835,52
38,9346,17427,3542.45,0.46370574396052106,53
38,9348,17427,3665.09,0.4635909795145464,54
39,0,21057,2.87,1,1
39,7669,21057,36.04,0.6357980719000808,1
39,7676,18538,54.48,0.5859315999568454,2
39,7705,18538,75.63,0.5843672456575683,3
39,7709,17867,94.53,0.5685341691386355,4
39,7722,17867,113.83,0.5678065707729334,5
39,7736,17867,134.0,0.5670230033021773,6
39,7736,17863,153.85,0.566926048256172,7
39,7745,17655,170.91,0.5613140753327669,8
39,7748,17655,188.21,0.5611441517983574,9
39,7757,17655,205.25,0.5606343811951289,10
39,7766,17655,229.24,0.5601246105919003,11
39,7771,17572,247.58,0.5577623491918962,12
39,7773,17572,267.65,0.5576485317550649,13
39,7780,17572,285.68,0.5572501707261552,14
39,7782,17572,307.67,0.5571363532893239,15
39,7788,17572,325.17,0.55679490097883,16
39,7790,17572,359.19,0.5566810835419986,18
39,7792,17572,376.09,0.5565672661051673,19
39,7793,17572,393.26,0.5565103573867517,20
39,7797,17572,417.37,0.556282722513089,21
39,7800,17572,475.71,0.556111996357842,24
39,7802,17572,493.25,0.5559981789210107,25
39,7809,17572,519.93,0.5555998178921011,26
39,7810,17572,545.62,0.5555429091736854,27
39,7813,17572,677.39,0.5553721830184384,29
39,7814,17572,762.43,0.5553152743000228,30
39,7815,17572,878.29,0.5552583655816071,31
39,7823,17572,1003.06,0.5548030958342818,32
39,7825,17572,1125.94,0.5546892783974505,33
39,7826,17572,1288.17,0.5546323696790348,35
39,7828,17572,1390.7,0.5545185522422035,36
39,7829,17572,1588.82,0.5544616435237878,38
39,7832,17572,1678.62,0.5542909173685409,39
39,7833,17572,1832.01,0.5542340086501252,40
39,7836,17572,2257.54,0.5540632824948782,44
39,7837,17572,2387.95,0.5540063737764626,45
39,7838,17572,2518.66,0.5539494650580469,46
39,7840,17572,2611.51,0.5538356476212156,47
39,7840,17440,2869.6,0.5504587155963303,49
39,7843,17440,2990.0,0.5502866972477064,50
39,7850,17440,3396.23,0.5498853211009175,53
39,7853,17440,3500.16,0.5497133027522936,54
39,7854,17440,3613.72,0.5496559633027523,55
40,0,21124,1.68,1,1
40,7087,21124,27.64,0.6645048286309411,1
40,7136,21124,42.49,0.6621851921984473,2
40,7154,21124,56.65,0.6613330808558985,3
40,7298,21124,71.07,0.6545161901155084,4
40,7387,21124,85.25,0.6503029729217951,5
40,7449,21124,99.04,0.6473679227419049,6
40,7699,21124,113.42,0.6355330429842833,7
40,7710,21124,127.2,0.6350123082749479,8
40,7906,21124,140.8,0.6257337625449726,9
40,8045,21124,155.81,0.6191535693997349,10
40,8051,21124,173.88,0.618869532285552,11
40,8062,21124,187.57,0.6183487975762166,12
40,8067,21124,201.26,0.6181120999810642,13
40,8082,21124,217.69,0.6174020071956069,14
40,8099,21124,231.43,0.6165972353720887,15
40,8102,21124,244.82,0.6164552168149972,16
40,8106,21124,258.47,0.6162658587388752,17
40,8128,21124,272.5,0.6152243893202045,18
40,8153,21124,285.69,0.6140409013444423,19
40,8157,21124,304.86,0.6138515432683204,20
40,8165,21124,318.37,0.6134728271160765,21
40,8175,21124,332.1,0.6129994319257717,22
40,8197,21124,343.86,0.6119579625071009,23
40,8203,21124,358.4,0.611673925392918,24
