1,2125,2125,0.07,0,0
2,2075,2075,0.12,0,0
3,0,1675,0.15,1,1
3,1675,1675,1.23,0,0
4,0,1684,0.81,1,1
4,847,1684,14.81,0.4970308788598575,1
4,855,1684,18.09,0.49228028503562943,2
4,856,1684,21.04,0.4916864608076009,3
4,874,1684,23.86,0.4809976247030879,4
4,878,1684,27.61,0.47862232779097386,5
4,878,1681,30.74,0.4776918500892326,6
4,881,1681,31.27,0.4759071980963712,6
4,882,1681,31.92,0.47531231409875074,6
4,885,1681,35.26,0.47352766210588937,7
4,888,1681,36.31,0.47174301011302794,7
4,892,1681,36.74,0.4693634741225461,7
4,898,1681,39.4,0.46579417013682334,8
4,899,1681,39.84,0.46519928613920286,8
4,900,1681,40.3,0.4646044021415824,8
4,902,1681,40.81,0.4634146341463415,8
4,908,1681,41.27,0.4598453301606187,8
4,914,1681,41.77,0.4562760261748959,8
4,919,1681,44.03,0.45330160618679355,9
4,926,1681,44.5,0.4491374182034503,9
4,927,1681,44.86,0.44854253420582985,9
4,928,1681,45.63,0.4479476502082094,9
4,936,1681,46.53,0.44318857822724567,9
4,942,1681,46.97,0.4396192742415229,9
4,946,1681,47.46,0.43723973825104107,9
4,951,1681,48.03,0.43426531826293874,9
4,964,1681,48.59,0.4265318262938727,9
4,965,1681,48.97,0.42593694229625223,9
4,966,1681,49.4,0.42534205829863175,9
4,970,1681,51.53,0.4229625223081499,10
4,971,1681,52.1,0.4223676383105294,10
4,972,1681,52.55,0.421772754312909,10
4,973,1681,52.78,0.4211778703152885,10
4,985,1681,53.32,0.414039262343843,10
4,990,1681,53.97,0.41106484235574065,10
4,991,1681,54.46,0.41046995835812017,10
4,992,1681,55.44,0.4098750743604997,10
4,1000,1681,55.81,0.405116002379536,10
4,1001,1681,56.22,0.4045211183819155,10
4,1002,1681,56.66,0.40392623438429504,10
4,1003,1681,57.43,0.4033313503866746,10
4,1005,1681,58.83,0.40214158239143366,10
4,1006,1681,60.05,0.4015466983938132,10
4,1008,1681,60.51,0.4003569303985723,10
4,1013,1681,61.24,0.39738251041046996,10
4,1015,1681,61.64,0.396192742415229,10
4,1016,1681,61.96,0.3955978584176086,10
4,1019,1681,64.31,0.39381320642474715,11
4,1021,1681,64.64,0.39262343842950626,11
4,1026,1681,65.12,0.3896490184414039,11
4,1027,1681,65.51,0.38905413444378345,11
4,1028,1681,65.94,0.388459250446163,11
4,1029,1681,66.43,0.38786436644854255,11
4,1032,1681,66.87,0.3860797144556811,11
4,1033,1681,67.2,0.3854848304580607,11
4,1034,1681,68.07,0.3848899464604402,11
4,1035,1681,68.47,0.38429506246281975,11
4,1036,1681,69.29,0.38370017846519927,11
4,1038,1681,69.8,0.3825104104699584,11
4,1039,1681,70.04,0.3819155264723379,11
4,1040,1681,70.51,0.3813206424747174,11
4,1041,1681,71.72,0.38072575847709694,11
4,1042,1681,72.06,0.3801308744794765,11
4,1043,1681,72.4,0.37953599048185604,11
4,1044,1681,72.66,0.37894110648423557,11
4,1046,1681,73.8,0.37775133848899467,11
4,1048,1681,75.16,0.3765615704937537,11
4,1049,1681,75.91,0.37596668649613324,11
4,1051,1681,76.24,0.37477691850089234,11
4,1052,1681,76.53,0.37418203450327187,11
4,1054,1681,76.88,0.3729922665080309,11
4,1055,1681,77.19,0.3723973825104105,11
4,1057,1681,77.62,0.37120761451516954,11
4,1058,1681,78.04,0.37061273051754906,11
4,1061,1681,78.5,0.3688280785246877,11
4,1062,1681,78.91,0.3682331945270672,11
4,1064,1681,79.27,0.3670434265318263,11
4,1065,1681,80.0,0.36644854253420583,11
4,1067,1681,82.03,0.3652587745389649,12
4,1068,1681,82.38,0.36466389054134446,12
4,1069,1681,82.9,0.364069006543724,12
4,1070,1681,83.92,0.3634741225461035,12
4,1073,1681,84.57,0.36168947055324213,12
4,1074,1681,85.66,0.36109458655562165,12
4,1075,1681,86.09,0.3604997025580012,12
4,1076,1681,86.4,0.3599048185603807,12
4,1077,1681,87.09,0.3593099345627603,12
4,1078,1681,87.48,0.3587150505651398,12
4,1079,1681,87.71,0.3581201665675193,12
4,1081,1681,88.61,0.35693039857227843,12
4,1082,1681,89.08,0.35633551457465795,12
4,1083,1681,89.42,0.3557406305770375,12
4,1084,1681,90.31,0.355145746579417,12
4,1085,1681,91.3,0.3545508625817965,12
4,1088,1681,91.61,0.35276621058893515,12
4,1090,1681,92.06,0.35157644259369425,12
4,1091,1681,92.86,0.3509815585960738,12
4,1092,1681,93.35,0.3503866745984533,12
4,1093,1681,93.71,0.3497917906008328,12
4,1095,1681,94.0,0.3486020226055919,12
4,1096,1681,94.33,0.34800713860797144,12
4,1098,1681,94.78,0.3468173706127305,12
4,1099,1681,95.75,0.34622248661511007,12
4,1100,1681,96.53,0.3456276026174896,12
4,1101,1681,96.93,0.3450327186198691,12
4,1103,1681,97.33,0.3438429506246282,12
4,1104,1681,97.75,0.34324806662700774,12
4,1105,1681,98.12,0.34265318262938727,12
4,1106,1681,98.39,0.3420582986317668,12
4,1107,1681,99.61,0.34146341463414637,12
4,1108,1681,100.02,0.3408685306365259,12
4,1111,1681,100.3,0.33908387864366446,12
4,1112,1681,100.61,0.33848899464604404,12
4,1113,1681,101.6,0.33789411064842356,12
4,1114,1681,101.88,0.3372992266508031,12
4,1115,1681,102.63,0.3367043426531826,12
4,1117,1681,103.52,0.3355145746579417,12
4,1118,1681,103.93,0.33491969066032123,12
4,1119,1681,104.61,0.33432480666270076,12
4,1121,1681,105.01,0.33313503866745986,12
4,1122,1681,105.96,0.3325401546698394,12
4,1123,1681,106.36,0.3319452706722189,12
4,1124,1681,106.79,0.33135038667459843,12
4,1125,1681,107.57,0.330755502676978,12
4,1126,1681,108.62,0.33016061867935753,12
4,1127,1681,109.0,0.32956573468173705,12
4,1129,1681,109.52,0.32837596668649616,12
4,1130,1681,110.25,0.3277810826888757,12
4,1132,1681,111.12,0.3265913146936347,12
4,1133,1681,113.22,0.32599643069601425,12
4,1136,1681,114.47,0.3242117787031529,12
4,1137,1681,115.47,0.3236168947055324,12
4,1138,1681,116.99,0.323022010707912,12
4,1139,1681,118.01,0.3224271267102915,12
4,1141,1681,118.38,0.32123735871505055,12
4,1142,1681,118.97,0.3206424747174301,12
4,1143,1681,119.22,0.32004759071980965,12
4,1144,1681,119.51,0.3194527067221892,12
4,1146,1681,120.03,0.3182629387269482,12
4,1147,1681,120.91,0.3176680547293278,12
4,1148,1681,121.7,0.3170731707317073,12
4,1149,1681,121.98,0.31647828673408684,12
4,1151,1681,123.02,0.31528851873884595,12
4,1152,1681,123.77,0.31469363474122547,12
4,1153,1681,124.4,0.314098750743605,12
4,1154,1681,125.86,0.3135038667459845,12
4,1155,1681,126.25,0.3129089827483641,12
4,1156,1681,126.56,0.3123140987507436,12
4,1158,1681,127.17,0.31112433075550266,12
4,1159,1681,127.61,0.3105294467578822,12
4,1160,1681,128.3,0.30993456276026177,12
4,1161,1681,129.48,0.3093396787626413,12
4,1162,1681,131.66,0.3087447947650208,12
4,1163,1681,132.28,0.30814991076740034,12
4,1164,1681,132.55,0.3075550267697799,12
4,1167,1681,133.42,0.3057703747769185,12
4,1168,1681,133.93,0.30517549077929806,12
4,1169,1681,134.41,0.3045806067816776,12
4,1170,1681,135.35,0.3039857227840571,12
4,1171,1681,136.7,0.30339083878643663,12
4,1172,1681,137.88,0.30279595478881616,12
4,1173,1681,138.42,0.30220107079119574,12
4,1174,1681,138.96,0.30160618679357526,12
4,1175,1681,139.25,0.3010113027959548,12
4,1176,1681,139.67,0.3004164187983343,12
4,1177,1681,139.82,0.2998215348007139,12
4,1178,1681,140.3,0.2992266508030934,12
4,1180,1681,140.66,0.29803688280785245,12
4,1181,1681,141.23,0.297441998810232,12
4,1182,1681,142.19,0.29684711481261156,12
4,1183,1681,142.33,0.2962522308149911,12
4,1184,1681,142.91,0.2956573468173706,12
4,1185,1681,144.45,0.2950624628197501,12
4,1186,1681,144.71,0.2944675788221297,12
4,1189,1681,145.61,0.2926829268292683,12
4,1190,1681,147.27,0.29208804283164785,12
4,1191,1681,147.61,0.2914931588340274,12
4,1192,1681,150.01,0.2908982748364069,12
4,1193,1681,150.26,0.2903033908387864,12
4,1194,1681,150.6,0.28970850684116595,12
4,1195,1681,151.55,0.2891136228435455,12
4,1196,1681,152.38,0.28851873884592505,12
4,1197,1681,153.24,0.2879238548483046,12
4,1198,1681,154.37,0.2873289708506841,12
4,1199,1681,154.86,0.2867340868530637,12
4,1200,1681,157.35,0.2861392028554432,12
4,1201,1681,158.09,0.2855443188578227,12
4,1202,1681,158.34,0.28494943486020224,12
4,1203,1681,161.29,0.2843545508625818,12
4,1204,1681,161.89,0.28375966686496135,12
4,1205,1681,162.57,0.28316478286734087,12
4,1206,1681,163.14,0.2825698988697204,12
4,1208,1681,163.5,0.2813801308744795,12
4,1209,1681,163.73,0.280785246876859,12
4,1210,1681,163.89,0.28019036287923854,12
4,1211,1681,164.56,0.27959547888161806,12
4,1212,1681,165.1,0.27900059488399764,12
4,1213,1681,165.79,0.27840571088637717,12
4,1214,1681,166.22,0.2778108268887567,12
4,1215,1681,166.55,0.2772159428911362,12
4,1216,1681,167.31,0.2766210588935158,12
4,1217,1681,167.9,0.2760261748958953,12
4,1218,1681,168.72,0.27543129089827484,12
4,1219,1681,170.02,0.27483640690065436,12
4,1220,1681,170.61,0.2742415229030339,12
4,1221,1681,171.23,0.27364663890541346,12
4,1222,1681,171.98,0.273051754907793,12
4,1223,1681,172.68,0.2724568709101725,12
4,1224,1681,174.15,0.27186198691255203,12
4,1225,1681,175.92,0.2712671029149316,12
4,1227,1681,176.74,0.27007733491969066,12
4,1228,1681,177.87,0.2694824509220702,12
4,1229,1681,179.02,0.2688875669244497,12
4,1230,1681,180.29,0.2682926829268293,12
4,1231,1681,180.53,0.2676977989292088,12
4,1232,1681,181.12,0.26710291493158833,12
4,1233,1681,181.23,0.26650803093396785,12
4,1234,1681,181.93,0.26591314693634743,12
4,1235,1681,182.52,0.26531826293872696,12
4,1236,1681,183.3,0.2647233789411065,12
4,1237,1681,185.45,0.264128494943486,13
4,1238,1681,185.69,0.2635336109458656,13
4,1240,1681,186.14,0.26234384295062463,13
4,1241,1681,186.53,0.26174895895300415,13
4,1242,1681,186.75,0.2611540749553837,13
4,1243,1681,187.08,0.26055919095776325,13
4,1244,1681,187.58,0.2599643069601428,13
4,1245,1681,189.75,0.2593694229625223,13
4,1246,1681,190.82,0.2587745389649018,13
4,1247,1681,191.24,0.2581796549672814,13
4,1248,1681,191.85,0.2575847709696609,13
4,1249,1681,192.37,0.25698988697204045,13
4,1250,1681,193.12,0.25639500297441997,13
4,1251,1681,194.14,0.25580011897679955,13
4,1252,1681,195.89,0.2552052349791791,13
4,1253,1681,196.52,0.2546103509815586,13
4,1254,1681,197.92,0.2540154669839381,13
4,1255,1681,198.95,0.25342058298631764,13
4,1256,1681,200.36,0.2528256989886972,13
4,1257,1681,202.38,0.25223081499107675,13
4,1258,1681,203.26,0.25163593099345627,13
4,1259,1681,204.36,0.2510410469958358,13
4,1260,1681,204.94,0.25044616299821537,13
4,1261,1681,205.53,0.2498512790005949,13
4,1262,1681,206.25,0.24925639500297442,13
4,1263,1681,207.84,0.24866151100535397,13
4,1264,1681,208.94,0.2480666270077335,13
4,1265,1681,209.76,0.24747174301011302,13
4,1266,1681,210.21,0.24687685901249257,13
4,1267,1681,210.77,0.2462819750148721,13
4,1268,1681,211.97,0.24568709101725164,13
4,1269,1681,214.0,0.24509220701963116,13
4,1270,1681,214.44,0.24449732302201072,13
4,1271,1681,215.26,0.24390243902439024,13
4,1272,1681,216.13,0.2433075550267698,13
4,1273,1681,216.93,0.2427126710291493,13
4,1274,1681,218.18,0.24211778703152886,13
4,1275,1681,218.91,0.2415229030339084,13
4,1276,1681,219.64,0.2409280190362879,13
4,1277,1681,220.87,0.24033313503866746,13
4,1278,1681,223.24,0.23973825104104698,13
4,1279,1681,224.37,0.23914336704342654,13
4,1280,1681,224.98,0.23854848304580606,13
4,1281,1681,226.25,0.2379535990481856,13
4,1282,1681,227.93,0.23735871505056513,13
4,1283,1681,228.59,0.23676383105294468,13
4,1284,1681,229.72,0.2361689470553242,13
4,1285,1681,231.25,0.23557406305770376,13
4,1286,1681,232.27,0.23497917906008328,13
4,1287,1681,233.02,0.23438429506246283,13
4,1288,1681,234.35,0.23378941106484236,13
4,1289,1681,236.0,0.23319452706722188,13
4,1290,1681,236.45,0.23259964306960143,13
4,1291,1681,238.37,0.23200475907198095,13
4,1292,1681,240.37,0.2314098750743605,13
4,1293,1681,241.02,0.23081499107674003,13
4,1294,1681,241.36,0.23022010707911958,13
4,1295,1681,242.2,0.2296252230814991,13
4,1296,1681,243.0,0.22903033908387865,13
4,1297,1681,243.78,0.22843545508625818,13
4,1298,1681,245.29,0.22784057108863773,13
4,1299,1681,246.7,0.22724568709101725,13
4,1300,1681,247.85,0.22665080309339677,13
4,1301,1681,249.06,0.22605591909577633,13
4,1302,1681,249.49,0.22546103509815585,13
4,1303,1681,250.67,0.2248661511005354,13
4,1304,1681,252.56,0.22427126710291492,13
4,1305,1681,253.37,0.22367638310529447,13
4,1306,1681,253.67,0.223081499107674,13
4,1307,1681,254.46,0.22248661511005355,13
4,1308,1681,255.47,0.22189173111243307,13
4,1309,1681,256.96,0.22129684711481262,13
4,1310,1681,258.21,0.22070196311719215,13
4,1311,1681,258.87,0.2201070791195717,13
4,1312,1681,259.54,0.21951219512195122,13
4,1313,1681,259.7,0.21891731112433074,13
4,1314,1681,260.63,0.2183224271267103,13
4,1315,1681,261.26,0.21772754312908982,13
4,1316,1681,263.44,0.21713265913146937,13
4,1317,1681,264.11,0.2165377751338489,13
4,1318,1681,264.77,0.21594289113622844,13
4,1319,1681,265.31,0.21534800713860797,13
4,1320,1681,265.49,0.21475312314098752,13
4,1321,1681,266.09,0.21415823914336704,13
4,1322,1681,267.29,0.2135633551457466,13
4,1323,1681,269.64,0.21296847114812612,13
4,1324,1681,270.78,0.21237358715050564,13
4,1325,1681,272.55,0.2117787031528852,13
4,1326,1681,274.43,0.2111838191552647,13
4,1327,1681,274.78,0.21058893515764426,13
4,1328,1681,275.32,0.2099940511600238,13
4,1329,1681,276.38,0.20939916716240334,13
4,1330,1681,277.54,0.20880428316478286,13
4,1331,1681,278.36,0.2082093991671624,13
4,1332,1681,279.18,0.20761451516954194,13
4,1333,1681,280.61,0.2070196311719215,13
4,1334,1681,281.36,0.206424747174301,13
4,1335,1681,282.43,0.20582986317668056,13
4,1336,1681,283.13,0.20523497917906008,13
4,1337,1681,283.38,0.2046400951814396,13
4,1338,1681,284.45,0.20404521118381916,13
4,1339,1681,285.38,0.20345032718619868,13
4,1340,1681,286.08,0.20285544318857823,13
4,1341,1681,286.74,0.20226055919095776,13
4,1342,1681,287.29,0.2016656751933373,13
4,1343,1681,289.25,0.20107079119571683,13
4,1344,1681,289.51,0.20047590719809638,13
4,1345,1681,291.3,0.1998810232004759,13
4,1346,1681,292.52,0.19928613920285546,13
4,1347,1681,293.32,0.19869125520523498,13
4,1348,1681,294.48,0.1980963712076145,13
4,1349,1681,296.11,0.19750148720999405,13
4,1350,1681,297.35,0.19690660321237358,13
4,1351,1681,298.21,0.19631171921475313,13
4,1352,1681,299.32,0.19571683521713265,13
4,1353,1681,300.8,0.1951219512195122,13
4,1354,1681,302.87,0.19452706722189173,13
4,1355,1681,303.52,0.19393218322427128,13
4,1356,1681,304.7,0.1933372992266508,13
4,1357,1681,306.01,0.19274241522903035,13
4,1358,1681,307.99,0.19214753123140987,13
4,1359,1681,309.23,0.19155264723378942,13
4,1360,1681,310.27,0.19095776323616895,13
4,1361,1681,311.22,0.19036287923854847,13
4,1362,1681,312.36,0.18976799524092802,13
4,1363,1681,313.24,0.18917311124330755,13
4,1364,1681,314.27,0.1885782272456871,13
4,1365,1681,315.79,0.18798334324806662,13
4,1366,1681,316.49,0.18738845925044617,13
4,1367,1681,317.47,0.1867935752528257,13
4,1368,1681,317.82,0.18619869125520525,13
4,1369,1681,318.23,0.18560380725758477,13
4,1370,1681,319.24,0.18500892325996432,13
4,1371,1681,320.35,0.18441403926234384,13
4,1372,1681,321.35,0.18381915526472337,13
4,1373,1681,322.37,0.18322427126710292,13
4,1374,1681,323.51,0.18262938726948244,13
4,1375,1681,323.98,0.182034503271862,13
4,1376,1681,325.71,0.18143961927424151,13
4,1377,1681,327.06,0.18084473527662107,13
4,1378,1681,328.01,0.1802498512790006,13
4,1379,1681,328.7,0.17965496728138014,13
4,1380,1681,329.69,0.17906008328375966,13
4,1381,1681,331.73,0.17846519928613921,13
4,1382,1681,332.76,0.17787031528851874,13
4,1383,1681,334.1,0.17727543129089826,13
4,1384,1681,334.85,0.1766805472932778,13
4,1385,1681,335.28,0.17608566329565734,13
4,1386,1681,335.91,0.1754907792980369,13
4,1387,1681,336.81,0.1748958953004164,13
4,1388,1681,337.75,0.17430101130279596,13
4,1389,1681,338.36,0.17370612730517548,13
4,1390,1681,339.49,0.17311124330755503,13
4,1391,1681,340.84,0.17251635930993456,13
4,1392,1681,341.71,0.1719214753123141,13
4,1393,1681,342.69,0.17132659131469363,13
4,1394,1681,343.45,0.17073170731707318,13
4,1395,1681,344.71,0.1701368233194527,13
4,1396,1681,346.12,0.16954193932183223,13
4,1397,1681,347.31,0.16894705532421178,13
4,1398,1681,348.57,0.1683521713265913,13
4,1399,1681,350.61,0.16775728732897086,13
4,1400,1681,351.87,0.16716240333135038,13
4,1401,1681,352.69,0.16656751933372993,13
4,1402,1681,353.41,0.16597263533610945,13
4,1403,1681,354.9,0.165377751338489,13
4,1404,1681,356.33,0.16478286734086853,13
4,1405,1681,357.1,0.16418798334324808,13
4,1406,1681,357.37,0.1635930993456276,13
4,1407,1681,358.71,0.16299821534800712,13
4,1408,1681,360.03,0.16240333135038668,13
4,1409,1681,361.19,0.1618084473527662,13
4,1410,1681,362.55,0.16121356335514575,13
4,1411,1681,363.51,0.16061867935752527,13
4,1412,1681,365.01,0.16002379535990482,13
4,1413,1681,365.93,0.15942891136228435,13
4,1414,1681,367.1,0.1588340273646639,13
4,1415,1681,368.46,0.15823914336704342,13
4,1416,1681,370.1,0.15764425936942297,13
4,1417,1681,371.67,0.1570493753718025,13
4,1418,1681,372.46,0.15645449137418205,13
4,1419,1681,373.74,0.15585960737656157,13
4,1420,1681,374.88,0.1552647233789411,13
4,1421,1681,375.67,0.15466983938132065,13
4,1422,1681,376.69,0.15407495538370017,13
4,1423,1681,378.2,0.15348007138607972,13
4,1424,1681,379.16,0.15288518738845924,13
4,1425,1681,380.87,0.1522903033908388,13
4,1426,1681,382.24,0.15169541939321832,13
4,1427,1681,383.12,0.15110053539559787,13
4,1428,1681,384.67,0.1505056513979774,13
4,1429,1681,385.11,0.14991076740035694,13
4,1430,1681,385.98,0.14931588340273647,13
4,1431,1681,386.55,0.148720999405116,13
4,1432,1681,387.39,0.14812611540749554,13
4,1433,1681,388.17,0.14753123140987506,13
4,1434,1681,388.58,0.14693634741225461,13
4,1435,1681,389.01,0.14634146341463414,13
4,1436,1681,390.12,0.1457465794170137,13
4,1437,1681,390.49,0.1451516954193932,12
4,1438,1681,391.56,0.14455681142177276,12
4,1439,1681,392.65,0.1439619274241523,12
4,1440,1681,393.47,0.14336704342653184,12
4,1441,1681,394.15,0.14277215942891136,12
4,1442,1681,394.97,0.1421772754312909,12
4,1443,1681,395.39,0.14158239143367043,12
4,1444,1681,396.23,0.14098750743604996,12
4,1445,1681,396.96,0.1403926234384295,12
4,1446,1681,397.68,0.13979773944080903,12
4,1447,1681,398.21,0.13920285544318858,12
4,1448,1681,398.41,0.1386079714455681,12
4,1449,1681,398.82,0.13801308744794766,12
4,1450,1681,399.32,0.13741820345032718,12
4,1451,1681,399.71,0.13682331945270673,12
4,1452,1681,400.77,0.13622843545508626,12
4,1453,1681,401.27,0.1356335514574658,12
4,1454,1681,401.58,0.13503866745984533,12
4,1455,1681,402.15,0.13444378346222485,12
4,1456,1681,402.62,0.1338488994646044,12
4,1457,1681,403.33,0.13325401546698393,12
4,1458,1681,404.05,0.13265913146936348,12
4,1459,1681,404.46,0.132064247471743,12
4,1460,1681,404.82,0.13146936347412255,12
4,1461,1681,405.49,0.13087447947650208,12
4,1462,1681,405.62,0.13027959547888163,12
4,1463,1681,406.55,0.12968471148126115,12
4,1464,1681,407.03,0.1290898274836407,12
4,1465,1681,407.81,0.12849494348602022,12
4,1466,1681,408.2,0.12790005948839978,12
4,1467,1681,408.69,0.1273051754907793,12
4,1468,1681,409.17,0.12671029149315882,12
4,1469,1681,409.33,0.12611540749553837,12
4,1470,1681,409.63,0.1255205234979179,12
4,1471,1681,409.9,0.12492563950029745,12
4,1472,1681,410.2,0.12433075550267698,12
4,1473,1681,410.73,0.12373587150505651,12
4,1474,1681,411.04,0.12314098750743604,12
4,1475,1681,411.72,0.12254610350981558,12
4,1476,1681,412.02,0.12195121951219512,12
4,1477,1681,412.41,0.12135633551457466,12
4,1478,1681,412.77,0.1207614515169542,12
4,1479,1681,413.03,0.12016656751933373,12
4,1480,1681,413.38,0.11957168352171327,12
4,1481,1681,413.74,0.1189767995240928,12
4,1482,1681,414.18,0.11838191552647234,12
4,1483,1681,414.84,0.11778703152885188,12
4,1484,1681,414.98,0.11719214753123142,12
4,1485,1681,415.33,0.11659726353361094,12
4,1486,1681,415.65,0.11600237953599048,12
4,1487,1681,415.94,0.11540749553837001,11
4,1488,1681,416.39,0.11481261154074955,11
4,1489,1681,416.94,0.11421772754312909,11
4,1490,1681,417.3,0.11362284354550863,11
4,1491,1681,417.66,0.11302795954788816,11
4,1492,1681,417.92,0.1124330755502677,11
4,1493,1681,418.38,0.11183819155264724,11
4,1494,1681,418.64,0.11124330755502677,11
4,1495,1681,418.86,0.11064842355740631,11
4,1496,1681,419.23,0.11005353955978585,11
4,1497,1681,419.78,0.10945865556216537,11
4,1498,1681,420.01,0.10886377156454491,11
4,1499,1681,420.27,0.10826888756692445,11
4,1500,1681,420.58,0.10767400356930398,11
4,1501,1681,420.83,0.10707911957168352,11
4,1502,1681,420.94,0.10648423557406306,11
4,1503,1681,421.06,0.1058893515764426,11
4,1504,1681,421.28,0.10529446757882213,11
4,1505,1681,421.53,0.10469958358120167,11
4,1506,1681,421.76,0.1041046995835812,11
4,1507,1681,421.94,0.10350981558596074,11
4,1508,1681,422.18,0.10291493158834028,11
4,1509,1681,422.38,0.1023200475907198,11
4,1510,1681,422.66,0.10172516359309934,11
4,1511,1681,422.94,0.10113027959547888,11
4,1512,1681,423.01,0.10053539559785842,11
4,1513,1681,423.19,0.09994051160023795,11
4,1514,1681,423.32,0.09934562760261749,11
4,1515,1681,423.42,0.09875074360499703,10
4,1516,1681,423.51,0.09815585960737656,9
4,1517,1681,423.64,0.0975609756097561,9
4,1518,1681,423.78,0.09696609161213564,9
4,1519,1681,423.89,0.09637120761451518,9
4,1520,1681,423.99,0.09577632361689471,9
4,1521,1681,424.08,0.09518143961927424,9
4,1522,1681,424.11,0.09458655562165377,9
4,1523,1681,424.21,0.09399167162403331,9
4,1524,1681,424.32,0.09339678762641285,9
4,1525,1681,424.39,0.09280190362879238,8
4,1526,1681,424.43,0.09220701963117192,8
4,1527,1681,424.51,0.09161213563355146,8
4,1528,1681,424.55,0.091017251635931,6
4,1529,1681,424.58,0.09042236763831053,6
4,1530,1681,424.61,0.08982748364069007,6
4,1531,1681,424.63,0.08923259964306961,6
4,1533,1681,424.67,0.08804283164782867,6
4,1535,1681,424.73,0.08685306365258774,6
4,1536,1681,424.76,0.08625817965496728,6
4,1537,1681,424.83,0.08566329565734682,6
4,1538,1681,424.84,0.08506841165972635,6
4,1539,1681,424.89,0.08447352766210589,6
4,1541,1681,424.9,0.08328375966686496,6
4,1544,1681,424.94,0.08149910767400356,6
4,1545,1681,424.96,0.0809042236763831,6
4,1546,1681,424.98,0.08030933967876264,6
4,1547,1681,425.01,0.07971445568114217,6
4,1549,1681,425.03,0.07852468768590125,6
4,1551,1681,425.05,0.07733491969066032,6
4,1552,1681,425.09,0.07674003569303986,6
4,1556,1681,425.1,0.074360499702558,6
4,1558,1681,425.11,0.07317073170731707,4
4,1559,1681,425.12,0.0725758477096966,3
4,1644,1681,425.12,0.022010707911957167,3
4,1653,1681,425.13,0.01665675193337299,2
4,1672,1681,425.13,0.005353955978584176,1
4,1681,1681,425.14,0,0
5,0,1501,4.25,1,1
5,775,1501,138.73,0.4836775483011326,1
5,785,1365,186.85,0.4249084249084249,3
5,809,1365,205.59,0.4073260073260073,4
5,810,1365,248.16,0.4065934065934066,7
5,813,1365,262.48,0.4043956043956044,8
5,814,1365,276.54,0.40366300366300367,9
5,816,1365,290.71,0.4021978021978022,10
5,817,1365,301.01,0.4014652014652015,11
5,818,1365,311.66,0.40073260073260075,12
5,823,1365,321.74,0.39706959706959705,13
5,824,1365,334.86,0.3963369963369963,14
5,826,1365,380.51,0.39487179487179486,18
5,828,1365,432.45,0.3934065934065934,22
5,829,1365,460.24,0.39267399267399267,24
5,831,1365,472.59,0.3912087912087912,25
5,832,1365,537.23,0.3904761904761905,30
5,834,1365,556.52,0.389010989010989,32
5,835,1365,575.86,0.3882783882783883,34
5,836,1365,616.63,0.38754578754578756,37
5,836,1357,632.73,0.38393515106853354,38
5,837,1357,643.48,0.3831982313927782,39
5,838,1357,672.73,0.38246131171702286,42
5,839,1357,693.73,0.3817243920412675,44
5,840,1357,695.57,0.38098747236551217,44
5,841,1357,725.68,0.3802505526897568,47
5,842,1357,735.94,0.3795136330140015,48
5,843,1357,737.24,0.37877671333824614,48
5,844,1357,748.1,0.3780397936624908,49
5,845,1357,778.6,0.37730287398673545,52
5,846,1357,806.8,0.3765659543109801,55
5,847,1357,847.43,0.37582903463522477,59
5,848,1357,867.62,0.3750921149594694,61
5,849,1357,909.95,0.3743551952837141,65
5,850,1357,924.83,0.37361827560795874,66
5,851,1357,935.78,0.3728813559322034,67
5,852,1357,953.38,0.37214443625644805,69
5,853,1357,1003.06,0.3714075165806927,74
5,854,1357,1043.39,0.37067059690493737,78
5,855,1357,1065.44,0.369933677229182,80
5,856,1357,1118.85,0.3691967575534267,85
5,857,1357,1150.39,0.36845983787767134,87
5,858,1357,1213.37,0.367722918201916,94
5,859,1357,1308.79,0.36698599852616065,102
5,860,1357,1384.92,0.3662490788504053,109
5,861,1357,1405.47,0.36551215917464996,111
5,862,1357,1441.45,0.3647752394988946,115
5,863,1357,1488.42,0.3640383198231393,120
5,864,1357,1549.34,0.36330140014738393,126
5,865,1357,1630.78,0.3625644804716286,134
5,866,1357,1722.62,0.36182756079587325,141
5,867,1357,1762.21,0.3610906411201179,145
5,868,1357,1818.6,0.36035372144436256,151
5,869,1357,1901.74,0.3596168017686072,161
5,870,1357,1961.87,0.3588798820928519,167
5,871,1357,2047.26,0.35814296241709653,174
5,872,1357,2120.49,0.3574060427413412,182
5,873,1357,2274.45,0.35666912306558585,197
5,874,1357,2373.16,0.3559322033898305,206
5,875,1357,2425.75,0.35519528371407516,212
5,875,1304,2615.71,0.3289877300613497,227
5,876,1304,2629.68,0.3282208588957055,229
5,877,1304,2706.19,0.32745398773006135,236
5,878,1304,2825.68,0.3266871165644172,247
5,879,1304,2871.27,0.325920245398773,250
5,880,1304,2969.18,0.32515337423312884,259
5,881,1304,3096.04,0.3243865030674847,270
5,882,1304,3233.39,0.3236196319018405,287
5,883,1304,3422.25,0.32285276073619634,304
5,884,1304,3537.78,0.3220858895705521,312
6,0,68,29.98,1,1
6,43,68,204.38,0.36764705882352944,1
6,44,63,278.21,0.30158730158730157,2
6,44,62,492.7,0.2903225806451613,5
7,0,20865,5.55,1,1
7,5575,20865,232.45,0.7328061346752935,1
7,5625,20815,367.41,0.7297621907278405,2
7,5625,20655,795.07,0.7276688453159041,5
7,5625,20595,1079.55,0.7268754552075747,7
7,5625,20105,1228.13,0.7202188510320816,8
7,5630,20105,1364.53,0.7199701566774435,9
7,5650,20105,1484.84,0.7189753792588908,10
7,5675,20105,1695.02,0.7177319074857,12
7,5700,20105,1870.9,0.7164884357125093,13
7,5725,20105,2317.4,0.7152449639393186,16
7,5750,20105,2887.22,0.7140014921661278,20
8,0,58,0.27,1,1
8,55,55,2.83,0,0
9,0,58,0.26,1,1
9,55,55,4.28,0,0
10,0,8556,5.39,1,1
10,5049,8556,134.63,0.40988779803646563,1
10,5075,8556,240.31,0.40684899485741,3
10,5104,8556,298.61,0.40345956054230947,4
10,5108,8556,458.35,0.40299205236091634,7
10,5112,8556,508.01,0.40252454417952316,8
10,5116,8556,582.66,0.40205703599813,9
10,5125,8556,655.79,0.4010051425899953,10
10,5130,8556,713.79,0.40042075736325383,11
10,5133,8556,805.21,0.400070126227209,12
10,5136,8556,1055.35,0.3997194950911641,17
10,5136,8347,1188.5,0.3846891098598299,19
10,5137,8347,1421.46,0.38456930633760633,24
10,5138,8347,1665.36,0.38444950281538276,28
10,5139,8347,1827.45,0.38432969929315924,31
10,5140,8347,2011.91,0.38420989577093567,35
10,5141,8347,2160.18,0.3840900922487121,38
10,5145,8347,2250.5,0.3836108781598179,40
10,5147,8347,2344.36,0.3833712711153708,42
10,5149,8347,2402.22,0.3831316640709237,43
10,5150,8347,2500.17,0.3830118605487001,45
10,5151,8347,2545.68,0.38289205702647655,46
10,5164,8347,2628.6,0.3813346112375704,47
10,5165,8347,2682.47,0.3812148077153468,48
10,5167,8347,2734.08,0.38097520067089974,49
10,5169,8347,2834.91,0.3807355936264526,51
10,5172,8347,2888.37,0.38037618305978194,52
10,5176,8347,2950.39,0.37989696897088776,53
10,5177,8244,3004.05,0.3720281416787967,54
10,5180,8244,3123.19,0.37166424065987386,56
10,5181,8244,3260.89,0.3715429403202329,59
10,5183,8244,3312.16,0.371300339640951,60
11,0,9151,4.67,1,1
11,4631,9151,131.63,0.4939350890613048,1
11,4637,9151,191.87,0.4932794230138783,2
11,4679,9151,241.95,0.4886897606818927,3
11,4693,9151,294.92,0.4871598732378975,4
11,4706,9151,356.03,0.4857392634684734,5
11,4715,9151,407.2,0.48475576439733364,6
11,4719,9151,460.51,0.4843186536990493,7
11,4722,8874,535.62,0.4678837052062204,8
11,4722,8866,586.68,0.46740356417775775,9
11,4728,8866,658.2,0.46672682156553125,10
11,4753,8866,716.74,0.4639070606812542,11
11,4755,8866,767.1,0.46368147981051205,12
11,4756,8866,822.76,0.463568689375141,13
11,4760,8866,872.03,0.46311752763365666,14
11,4773,8866,987.3,0.4616512519738326,16
11,4780,8866,1047.98,0.46086171892623506,17
11,4781,8866,1158.25,0.46074892849086396,19
11,4785,8866,1206.55,0.46029776674937967,20
11,4790,8866,1259.18,0.45973381457252427,21
11,4794,8866,1309.25,0.4592826528310399,22
11,4804,8866,1428.78,0.4581547484773291,24
11,4810,8866,1487.54,0.4574780058651026,25
11,4811,8866,1549.61,0.4573652154297316,26
11,4813,8866,1601.64,0.45713963455898937,27
11,4814,8866,1710.92,0.4570268441236183,29
11,4815,8866,1763.15,0.4569140536882472,30
11,4817,8866,1815.65,0.4566884728175051,31
11,4821,8866,1927.91,0.4562373110760208,33
11,4823,8866,1980.95,0.4560117302052786,34
11,4825,8866,2027.79,0.45578614933453643,35
11,4826,8866,2085.75,0.4556733588991653,36
11,4827,8866,2135.17,0.4555605684637943,37
11,4828,8866,2200.38,0.4554477780284232,38
11,4829,8866,2322.39,0.45533498759305213,40
11,4831,8866,2475.48,0.45510940672230993,43
11,4833,8866,2525.69,0.4548838258515678,44
11,4834,8866,2636.44,0.45477103541619673,46
11,4835,8866,2728.04,0.45465824498082563,48
11,4836,8866,2837.05,0.45454545454545453,50
11,4837,8866,2886.25,0.4544326641100835,51
11,4839,8866,3013.9,0.4542070832393413,53
11,4845,8866,3071.56,0.45353034062711484,54
11,4846,8866,3125.37,0.45341755019174373,55
11,4847,8866,3296.39,0.45330475975637263,58
11,4848,8866,3356.22,0.4531919693210016,59
11,4850,8866,3515.75,0.45296638845025944,62
11,4851,8866,3607.29,0.45285359801488834,63
12,0,12133,8.19,1,1
12,5632,12133,154.05,0.5358114233907525,1
12,5714,12133,203.66,0.5290529959614275,2
12,5726,12133,247.4,0.5280639578010385,3
12,5739,12133,291.03,0.5269924997939504,4
12,5746,11889,339.77,0.5166961056438725,5
12,5748,11889,377.45,0.516527882916982,6
12,5778,11889,418.85,0.514004542013626,7
12,5790,11889,451.43,0.5129952056522836,8
12,5793,11238,538.05,0.4845168179391351,10
12,5794,11238,575.98,0.48442783413418755,11
12,5795,11238,654.32,0.48433885032924007,13
12,5796,11238,733.69,0.4842498665242926,15
12,5798,11238,772.14,0.48407189891439756,16
12,5808,11238,806.28,0.4831820608649226,17
12,5810,11238,857.15,0.4830040932550276,18
12,5814,11238,901.01,0.4826481580352376,19
12,5822,11238,934.44,0.4819362875956576,20
12,5826,11238,971.48,0.4815803523758676,21
12,5827,11238,1008.38,0.4814913685709201,22
12,5828,11238,1053.61,0.4814023847659726,23
12,5829,11238,1086.95,0.4813134009610251,24
12,5832,11238,1159.71,0.4810464495461826,26
12,5835,11238,1213.71,0.4807794981313401,27
12,5836,11238,1255.9,0.4806905143263926,28
12,5838,11238,1326.73,0.4805125467164976,30
12,5855,11238,1363.13,0.4789998220323901,31
12,5857,11238,1399.02,0.4788218544224951,32
12,5858,11238,1479.44,0.4787328706175476,34
12,5861,11238,1518.12,0.4784659192027051,35
12,5862,11238,1549.93,0.4783769353977576,36
12,5863,11238,1592.11,0.4782879515928101,37
12,5864,11238,1629.32,0.4781989677878626,38
12,5865,11238,1706.52,0.4781099839829151,40
12,5868,11238,1742.07,0.4778430325680726,41
12,5869,11238,1783.52,0.4777540487631251,42
12,5870,11238,1912.98,0.4776650649581776,45
12,5872,11238,2031.83,0.4774870973482826,48
12,5878,11238,2068.34,0.47695319451859763,49
12,5879,11238,2136.38,0.4768642107136501,51
12,5880,11238,2211.29,0.4767752269087026,53
12,5881,11238,2248.03,0.4766862431037551,54
12,5890,11238,2284.18,0.4758853888592276,55
12,5893,11238,2319.68,0.47561843744438514,56
12,5896,11238,2352.71,0.47535148602954264,57
12,5898,11238,2400.43,0.4751735184196476,58
12,5900,11238,2436.58,0.47499555080975264,59
12,5901,11238,2468.94,0.4749065670048051,60
12,5902,11238,2507.84,0.4748175831998576,61
12,5902,11125,2539.76,0.46948314606741576,62
12,5904,11125,2578.92,0.46930337078651685,63
12,5905,11125,2608.86,0.4692134831460674,64
12,5908,11125,2676.51,0.4689438202247191,66
12,5909,11125,2715.14,0.46885393258426966,67
12,5910,11125,2757.56,0.46876404494382024,68
12,5911,11125,2797.19,0.4686741573033708,69
12,5912,11125,2833.93,0.4685842696629213,70
12,5913,11125,2906.47,0.4684943820224719,72
12,5914,11125,3031.15,0.4684044943820225,74
12,5915,11125,3067.59,0.46831460674157305,75
12,5916,11125,3142.63,0.4682247191011236,77
12,5917,11125,3213.94,0.46813483146067414,79
12,5918,11125,3295.6,0.4680449438202247,81
12,5919,11125,3327.0,0.4679550561797753,82
12,5920,11125,3368.21,0.46786516853932586,83
12,5922,11125,3509.48,0.46768539325842695,87
13,0,14815,1.32,1,1
13,6933,14815,40.74,0.5320283496456294,1
13,6941,14742,56.58,0.5291683625016959,2
13,7051,14742,72.74,0.521706688373355,3
13,7062,14742,86.93,0.5209605209605209,4
13,7100,14742,103.34,0.518382851716185,5
13,7158,14742,139.35,0.5144485144485145,7
13,7160,14742,173.75,0.514312847646181,9
13,7180,14742,188.55,0.5129561796228463,10
13,7190,14742,204.35,0.512277845611179,11
13,7193,14742,224.06,0.5120743454076787,12
13,7196,14742,245.22,0.5118708452041786,13
13,7203,14742,266.68,0.5113960113960114,14
13,7204,14742,287.72,0.5113281779948446,15
13,7211,14742,309.44,0.5108533441866775,16
13,7217,14742,327.0,0.5104463437796771,17
13,7225,14726,343.24,0.5093711802254516,18
13,7232,14726,385.46,0.5088958305038707,20
13,7245,14726,404.02,0.508013038163792,21
13,7249,14726,425.27,0.50774140975146,22
13,7255,14726,446.73,0.5073339671329621,23
13,7257,14726,468.25,0.5071981529267962,24
13,7262,14726,490.72,0.5068586174113813,25
13,7263,14726,509.24,0.5067907103082983,26
13,7266,14726,552.37,0.5065869889990493,28
13,7268,14726,565.83,0.5064511747928834,29
13,7270,14726,586.19,0.5063153605867173,30
13,7289,14726,620.54,0.5050251256281407,32
13,7290,14726,642.46,0.5049572185250577,33
13,7294,14726,664.28,0.5046855901127258,34
13,7299,14726,681.39,0.5043460545973109,35
13,7300,14726,695.81,0.504278147494228,36
13,7312,14726,709.49,0.5034632622572321,37
13,7316,14726,731.75,0.5031916338449002,38
13,7318,14726,752.46,0.5030558196387342,39
13,7322,14726,770.11,0.5027841912264023,40
13,7326,14726,835.24,0.5025125628140703,42
13,7329,14726,855.09,0.5023088415048214,43
13,7331,14726,869.23,0.5021730272986554,44
13,7334,14726,883.99,0.5019693059894065,45
13,7341,14726,904.48,0.5014939562678257,46
13,7350,14726,924.51,0.5008827923400788,47
13,7354,14726,938.87,0.5006111639277468,48
13,7360,14718,957.9,0.49993205598586765,49
13,7364,14718,976.14,0.4996602799293382,50
13,7373,14718,997.4,0.499048783802147,51
13,7374,14718,1023.95,0.49898083978801466,53
13,7381,14718,1037.26,0.49850523168908817,54
13,7385,14718,1072.13,0.4982334556325588,56
13,7386,14718,1093.75,0.4981655116184264,57
13,7389,14718,1113.93,0.4979616795760293,58
13,7391,14718,1132.16,0.49782579154776463,59
13,7393,14718,1170.49,0.49768990351949993,61
13,7394,14718,1190.84,0.4976219595053676,62
13,7397,14718,1210.35,0.49741812746297054,63
13,7398,14718,1222.41,0.49735018344883813,64
13,7400,14718,1237.71,0.49721429542057344,65
13,7402,14718,1253.13,0.49707840739230874,66
13,7404,14718,1273.99,0.49694251936404404,67
13,7407,14718,1290.11,0.49673868732164694,68
13,7408,14718,1321.04,0.4966707433075146,70
13,7409,14718,1340.67,0.49660279929338225,71
13,7413,14718,1392.52,0.49633102323685285,73
13,7421,14718,1424.23,0.495787471123794,74
13,7424,14718,1444.12,0.4955836390813969,75
13,7426,14718,1464.92,0.4954477510531322,76
13,7427,14718,1505.98,0.49537980703899986,78
13,7428,14718,1523.77,0.4953118630248675,79
13,7430,14718,1550.64,0.4951759749966028,80
13,7431,14718,1573.18,0.49510803098247047,81
13,7432,14718,1614.13,0.49504008696833807,83
13,7436,14718,1632.73,0.4947683109118087,84
13,7438,14718,1655.12,0.494632422883544,85
13,7440,14718,1675.42,0.4944965348552792,86
13,7441,14711,1691.96,0.4941880225681463,87
13,7442,14711,1713.08,0.4941200462239141,88
13,7454,14711,1753.14,0.4933043300931276,90
13,7455,14711,1786.44,0.4932363537488954,92
13,7458,14711,1805.21,0.49303242471619874,93
13,7461,14711,1827.69,0.4928284956835021,94
13,7465,14711,1846.45,0.49255659030657334,95
13,7466,14711,1869.6,0.4924886139623411,96
13,7474,14711,1906.68,0.49194480320848344,98
13,7475,14711,1923.87,0.4918768268642512,99
13,7476,14711,1937.59,0.49180885052001905,100
13,7480,14711,1952.67,0.4915369451430902,101
13,7481,14711,1972.51,0.491468968798858,102
13,7483,14711,1988.78,0.4913330161103936,103
13,7485,14711,2007.93,0.49119706342192915,104
13,7490,14711,2066.08,0.49085718170076814,107
13,7495,14711,2108.92,0.4905172999796071,109
13,7496,14711,2130.63,0.4904493236353749,110
13,7499,14711,2149.43,0.49024539460267824,111
13,7502,14711,2189.73,0.4900414655699816,113
13,7506,14711,2209.25,0.48976956019305284,114
13,7507,14711,2269.72,0.4897015838488206,117
13,7508,14711,2290.89,0.4896336075045884,118
13,7511,14711,2310.18,0.4894296784718918,119
13,7512,14711,2328.94,0.48936170212765956,120
13,7514,14711,2347.62,0.48922574943919517,121
13,7516,14711,2388.82,0.4890897967507307,123
13,7517,14711,2406.49,0.48902182040649855,124
13,7518,14711,2449.08,0.48895384406226633,126
13,7519,14711,2471.06,0.4888858677180341,127
13,7520,14711,2494.31,0.48881789137380194,128
13,7523,14711,2515.29,0.48861396234110527,129
13,7525,14711,2536.24,0.4884780096526409,130
13,7528,14711,2559.45,0.48827408061994426,131
13,7529,14711,2602.7,0.48820610427571204,132
13,7530,14711,2642.88,0.48813812793147987,133
13,7532,14711,2662.98,0.4880021752430154,134
13,7533,14711,2684.78,0.4879341988987832,135
13,7536,14711,2707.34,0.4877302698660866,136
13,7537,14711,2727.37,0.4876622935218544,137
13,7538,14711,2747.19,0.4875943171776222,138
13,7539,14711,2766.25,0.48752634083338997,139
13,7540,14711,2784.6,0.48745836448915775,140
13,7541,14711,2823.26,0.4873903881449256,142
13,7543,14711,2844.27,0.48725443545646113,143
13,7544,14711,2866.4,0.48718645911222896,144
13,7547,14711,2901.03,0.48698253007953235,146
13,7548,14711,2923.05,0.4869145537353001,147
13,7549,14711,2940.06,0.4868465773910679,148
13,7552,14711,2995.07,0.4866426483583713,151
13,7553,14711,3013.94,0.48657467201413906,152
13,7554,14711,3027.61,0.4865066956699069,153
13,7555,14711,3048.52,0.4864387193256747,154
13,7556,14711,3093.6,0.48637074298144245,156
13,7557,14711,3114.38,0.4863027666372102,157
13,7558,14711,3183.48,0.48623479029297806,160
13,7559,14711,3205.17,0.48616681394874584,161
13,7562,14711,3230.92,0.4859628849160492,162
13,7563,14711,3252.43,0.485894908571817,163
13,7564,14711,3267.74,0.4858269322275848,164
13,7565,14711,3344.23,0.4857589558833526,167
13,7567,14711,3372.52,0.48562300319488816,168
13,7568,14711,3394.91,0.485555026850656,169
13,7569,14711,3421.85,0.48548705050642377,170
13,7572,14711,3443.69,0.48528312147372715,171
13,7573,14711,3470.28,0.48521514512949493,172
13,7574,14711,3487.27,0.4851471687852627,173
13,7577,14711,3506.72,0.4849432397525661,174
13,7578,14711,3558.33,0.4848752634083339,176
13,7579,14711,3575.29,0.4848072870641017,177
13,7580,14711,3610.62,0.4847393107198695,179
14,0,42913,12.96,1,1
14,32400,42913,263.6,0.2449840374711626,1
14,32449,41754,406.44,0.22285290032092733,2
14,32457,41754,559.61,0.22266130191119413,3
14,32462,41754,978.19,0.22254155290511088,6
14,32473,41754,1110.73,0.22227810509172774,7
14,32474,41754,1257.3,0.2222541552905111,8
14,32504,41754,1384.28,0.22153566125401158,9
14,32508,41754,1524.29,0.22143986204914498,10
14,32518,41754,1796.73,0.2212003640369785,12
14,32523,41754,2059.44,0.22108061503089524,14
14,32526,41754,2193.33,0.2210087656272453,15
14,32537,41754,2329.17,0.22074531781386214,16
14,32538,41754,2490.81,0.2207213680126455,17
14,32544,41754,2629.69,0.2205776692053456,18
14,32544,41240,2765.71,0.21086323957322986,19
14,32546,41240,2902.64,0.21081474296799224,20
14,32547,41240,3030.08,0.21079049466537342,21
14,32550,41240,3167.42,0.21071774975751698,22
15,0,42892,11.05,1,1
15,31879,42892,242.86,0.2567611675836986,1
15,31932,42892,359.32,0.25552550592185025,2
15,31969,42892,488.84,0.2546628741956542,3
15,31976,42843,616.46,0.25364703685549567,4
15,31976,42726,765.38,0.2516032392454243,5
15,31986,42726,1018.87,0.2513691897205449,7
15,32027,42726,1128.17,0.2504095866685391,8
15,32030,42726,1242.13,0.25033937181107524,9
15,32039,42726,1487.54,0.2501287272386837,11
15,32041,42460,1606.85,0.2453838907206783,12
15,32051,42460,1843.09,0.24514837494112104,14
15,32057,42460,1960.4,0.24500706547338671,15
15,32062,42460,2073.66,0.2448893075836081,16
15,32063,42460,2188.63,0.24486575600565239,17
15,32076,42460,2302.57,0.24455958549222798,18
15,32085,42460,2415.13,0.24434762129062648,19
15,32090,42460,2526.19,0.24422986340084785,20
15,32098,42460,2634.33,0.24404145077720207,21
15,32099,42460,2890.54,0.24401789919924635,23
15,32100,42460,2988.55,0.24399434762129063,24
15,32103,42460,3090.07,0.24392369288742347,25
15,32104,42460,3210.33,0.24390014130946774,26
16,0,48190,6.68,1,1
16,33801,48190,209.87,0.2985889188628346,1
16,33903,47333,295.01,0.2837343924957218,2
16,33910,46908,386.62,0.27709559137034195,3
16,33954,46908,467.3,0.27615758506011767,4
16,33961,46670,560.81,0.27231626312406254,5
16,33969,46670,638.43,0.2721448467966574,6
16,33973,46670,730.93,0.2720591386329548,7
16,33977,46670,812.95,0.2719734304692522,8
16,33992,46630,897.32,0.2710272356851812,9
16,33993,46630,998.8,0.2710057902637787,10
16,33998,46630,1082.17,0.270898563156766,11
16,34003,46630,1171.85,0.27079133604975336,12
16,34010,46630,1273.41,0.2706412180999357,13
16,34026,46576,1356.51,0.26945207832360013,14
16,34033,46212,1515.46,0.2635462650393837,16
16,34045,46212,1611.85,0.26328659222712714,17
16,34049,46212,1699.46,0.26320003462304165,18
16,34066,46212,1776.78,0.26283216480567817,19
16,34075,46212,1860.5,0.2626374101964858,20
16,34079,46212,1946.77,0.26255085259240024,21
16,34080,46212,2034.45,0.26252921319137884,22
16,34081,46212,2142.46,0.2625075737903575,23
16,34101,46212,2226.48,0.2620747857699299,24
16,34103,46212,2302.4,0.26203150696788713,25
16,34114,46212,2386.55,0.26179347355665195,26
16,34121,46212,2554.59,0.2616419977495023,28
16,34124,46212,2645.7,0.26157707954643816,29
16,34126,46212,2820.59,0.2615338007443954,31
16,34127,46212,2934.06,0.261512161343374,32
16,34131,46212,3026.04,0.26142560373928847,33
16,34132,45954,3110.34,0.25725725725725723,34
16,34133,45954,3273.71,0.2572354963659311,36
16,34134,45954,3360.83,0.257213735474605,37
16,34136,45954,3440.97,0.2571702136919528,38
16,34138,45954,3524.87,0.2571266919093006,39
16,34139,45954,3611.75,0.2571049310179745,40
17,0,56759,1.68,1,1
17,38993,56759,70.02,0.31300762874610194,1
17,39087,56759,111.84,0.3113515037262813,2
17,39089,56759,141.43,0.31131626702373194,3
17,39271,56366,174.42,0.3032856686655076,4
17,39305,56366,207.83,0.30268246815456123,5
17,39318,56366,247.57,0.3024518326650818,6
17,39447,56366,282.12,0.3001632189617855,7
17,39452,56366,324.93,0.3000745130042934,8
17,39479,56366,360.9,0.299595500833836,9
17,39540,56366,402.15,0.29851328815243233,10
17,39584,56366,438.84,0.2977326757265018,11
17,39588,56366,482.35,0.2976617109605081,12
17,39629,56366,530.03,0.29693432210907283,13
17,39632,56366,613.09,0.29688109853457756,15
17,39642,56366,657.24,0.2967036866195934,16
17,39676,56366,759.41,0.29610048610864703,18
17,39686,56366,807.34,0.29592307419366287,19
17,39693,56366,870.49,0.2957988858531739,20
17,39707,56366,939.01,0.295550509172196,21
17,39742,56366,991.31,0.29492956746975124,22
17,39783,56366,1052.18,0.294202178618316,23
17,39797,56366,1103.56,0.2939538019373381,24
17,39811,56250,1169.68,0.2922488888888889,25
17,39813,56250,1244.42,0.2922133333333333,26
17,39819,56250,1307.04,0.2921066666666667,27
17,39823,56250,1375.61,0.29203555555555555,28
17,39824,56250,1433.68,0.29201777777777777,29
17,39833,56250,1489.57,0.29185777777777777,30
17,39834,56250,1552.78,0.29184,31
17,39844,56250,1683.81,0.2916622222222222,33
17,39845,56250,1712.5,0.29164444444444443,34
17,39849,56250,1769.09,0.29157333333333335,35
17,39854,56250,1879.26,0.29148444444444443,37
17,39856,56250,1932.36,0.29144888888888887,38
17,39862,56250,1989.12,0.2913422222222222,39
17,39864,56250,2043.46,0.29130666666666666,40
17,39870,56250,2097.79,0.2912,41
17,39872,56250,2153.74,0.29116444444444445,42
17,39886,56250,2262.93,0.29091555555555554,44
17,39888,56250,2318.37,0.29088,45
17,39889,56250,2373.3,0.29086222222222224,46
17,39890,56250,2430.68,0.29084444444444446,47
17,39896,56250,2484.39,0.29073777777777776,48
17,39898,56250,2514.99,0.2907022222222222,49
17,39901,56250,2543.97,0.2906488888888889,50
17,39903,56250,2603.86,0.29061333333333333,51
17,39913,56250,2686.29,0.29043555555555556,52
17,39916,56250,2714.29,0.2903822222222222,53
17,39919,56250,2772.2,0.2903288888888889,54
17,39922,56250,2825.73,0.29027555555555556,55
17,39924,56250,2881.53,0.29024,56
17,39925,56250,2936.74,0.2902222222222222,57
17,39928,56250,3046.49,0.29016888888888887,59
17,39934,56250,3103.0,0.2900622222222222,60
17,39936,56250,3158.17,0.29002666666666665,61
17,39941,56250,3217.35,0.2899377777777778,62
17,39944,56250,3330.55,0.28988444444444444,64
17,39948,56250,3362.48,0.2898133333333333,65
17,39949,56250,3392.63,0.28979555555555553,66
17,39950,56250,3508.31,0.2897777777777778,68
17,39951,56250,3535.75,0.28976,69
17,39952,56250,3598.94,0.28974222222222223,70
17,39954,56250,3656.77,0.28970666666666667,71
18,0,46555,26.57,1,1
18,21777,46555,608.44,0.5322306948770271,1
18,21786,46555,993.39,0.5320373751476748,2
18,21817,46555,1369.04,0.5313714960799055,3
18,21903,46555,1736.72,0.5295242186660939,4
18,21916,46555,2099.8,0.5292449790570293,5
18,21932,46555,2794.89,0.5289012995381807,7
18,21932,46485,3128.57,0.5281918898569431,8
18,21940,46485,3425.89,0.5280197913305368,9
19,0,50825,20.25,1,1
19,22607,50825,583.57,0.5551992129857354,1
19,22607,49054,921.9,0.5391405389978391,2
19,22623,49054,1271.17,0.5388143678395237,3
19,22634,49054,1626.28,0.538590125168182,4
19,22657,49054,2017.01,0.5381212541281037,5
19,22657,47052,2355.47,0.5184689279945592,6
19,22662,47052,2714.62,0.518362662586075,7
19,22740,47052,3052.88,0.516704922213721,8
19,22743,47052,3383.88,0.5166411629686305,9
19,22771,47052,3707.7,0.5160460766811188,10
20,0,58562,13.06,1,1
20,22803,58562,601.07,0.6106178067688945,1
20,23084,55835,877.21,0.586567565147309,2
20,23163,55835,1151.38,0.5851526820094922,3
20,23249,55835,1414.45,0.583612429479717,4
20,23269,55835,1676.01,0.5832542312169786,5
20,23339,55835,1960.89,0.5820005372973941,6
20,23411,55625,2236.94,0.5791280898876404,7
20,23523,55625,2490.51,0.577114606741573,8
20,23524,55625,2754.8,0.5770966292134831,9
20,23533,55625,3046.4,0.5769348314606741,10
20,23537,55625,3286.33,0.5768629213483146,11
20,23555,55625,3540.82,0.5765393258426966,12
20,23569,55625,3802.59,0.5762876404494383,13
21,0,83203,4.96,1,1
21,27028,83203,221.38,0.6751559438962538,1
21,27054,83203,332.44,0.6748434551638763,2
21,27207,82759,440.09,0.6712502567696564,3
21,27239,82759,548.6,0.670863591875204,4
21,27273,82759,652.58,0.670452760424848,5
21,27325,82759,754.61,0.6698244299713626,6
21,27599,82759,872.82,0.6665136118126125,7
21,28500,82598,1008.69,0.6549553257948134,8
21,28517,82598,1130.5,0.6547495096733577,9
21,28645,82598,1238.1,0.6531998353471028,10
21,28798,82442,1343.96,0.650687756240751,11
21,28807,82442,1457.29,0.650578588583489,12
21,28853,81127,1630.23,0.6443477510569847,13
21,28862,81127,1736.67,0.6442368138844035,14
21,28936,81127,1849.34,0.6433246637987353,15
21,28960,81127,1985.21,0.6430288313385186,16
21,29042,81127,2097.3,0.6420180704327783,17
21,29055,81127,2231.62,0.6418578278501609,18
21,29110,81127,2338.13,0.6411798784621643,19
21,29115,81127,2462.79,0.6411182466996191,20
21,29134,81127,2600.02,0.6408840460019476,21
21,29152,81127,2756.56,0.6406621716567851,22
21,29198,81127,2879.26,0.6400951594413697,23
21,29207,81127,2993.99,0.6399842222687885,24
21,29243,81127,3120.03,0.6395404735784634,25
21,29314,81127,3230.45,0.6386653025503224,26
21,29315,81127,3359.57,0.6386529761978134,27
21,29317,81127,3471.67,0.6386283234927953,28
21,29320,81127,3637.3,0.6385913444352681,29
22,0,29545,3.47,1,1
22,27685,29545,74.59,0.06295481468945677,1
22,27695,29545,143.63,0.06261634794381452,4
22,27695,29450,166.06,0.059592529711375214,5
22,27705,29450,687.73,0.059252971137521225,28
22,27710,29450,1752.93,0.05908319185059423,75
22,27710,29180,1772.47,0.05037697052775874,76
22,27715,29180,2333.54,0.0502056202878684,103
23,0,30820,2.43,1,1
23,27370,30820,66.68,0.11194029850746269,1
23,27375,30820,79.25,0.1117780661907852,1
23,27430,30025,97.79,0.08642797668609492,2
23,27430,29700,118.5,0.07643097643097643,3
23,27435,29700,200.55,0.07626262626262627,6
23,27435,29020,220.84,0.05461750516884907,7
23,27460,29000,244.71,0.05310344827586207,8
23,27470,29000,246.02,0.05275862068965517,8
23,27475,29000,286.2,0.052586206896551725,10
23,27480,29000,477.41,0.05241379310344828,19
23,27485,29000,517.36,0.05224137931034483,21
23,27490,29000,536.85,0.052068965517241377,22
23,27495,29000,750.55,0.05189655172413793,31
23,27500,29000,808.84,0.05172413793103448,34
23,27510,29000,881.22,0.05137931034482759,37
23,27515,29000,1000.23,0.05120689655172414,43
23,27520,29000,1038.39,0.05103448275862069,45
23,27530,29000,1096.44,0.05068965517241379,48
23,27535,29000,1118.6,0.050517241379310344,49
23,27540,29000,1246.04,0.0503448275862069,54
23,27545,29000,1330.39,0.05017241379310345,58
23,27550,29000,1373.15,0.05,60
23,27555,29000,1513.23,0.04982758620689655,65
23,27560,29000,1572.27,0.0496551724137931,67
23,27570,29000,1634.07,0.04931034482758621,70
23,27575,29000,1762.94,0.04913793103448276,76
23,27580,29000,1808.26,0.04896551724137931,78
23,27585,29000,2039.61,0.048793103448275865,88
23,27590,29000,2062.49,0.04862068965517241,89
23,27595,29000,2102.46,0.048448275862068964,91
23,27600,29000,2143.15,0.04827586206896552,93
23,27610,29000,2169.77,0.04793103448275862,94
23,27615,29000,2269.78,0.047758620689655175,99
23,27635,29000,2290.4,0.04706896551724138,100
23,27645,29000,2396.45,0.046724137931034485,106
23,27675,29000,2448.14,0.045689655172413794,109
23,27680,29000,2652.45,0.04551724137931035,118
23,27690,29000,2694.47,0.045172413793103446,120
23,27695,29000,2998.0,0.045,134
23,27700,29000,3051.5,0.04482758620689655,137
23,27705,29000,3103.34,0.044655172413793104,140
23,27715,29000,3285.88,0.04431034482758621,150
24,0,29530,1.66,1,1
24,27535,29530,54.44,0.06755841517101253,1
24,27595,29530,57.18,0.06552658313579411,1
24,27650,29530,69.38,0.06366407043684388,2
24,27655,29530,84.17,0.06349475110057569,3
24,27660,29530,96.6,0.06332543176430748,4
24,27670,29530,154.9,0.06298679309177108,7
24,27700,29530,183.76,0.06197087707416187,9
24,27710,29530,196.51,0.06163223840162547,10
24,27715,29530,212.45,0.061462919065357266,11
24,27720,29530,267.34,0.061293599729089064,15
24,27725,29530,294.94,0.06112428039282086,17
24,27735,29530,352.95,0.06078564172028446,20
24,27740,29530,533.24,0.06061632238401626,31
24,27745,29530,707.36,0.060447003047748055,42
24,27750,29530,761.04,0.06027768371147985,46
24,27755,29530,929.36,0.06010836437521165,57
24,27760,29530,943.14,0.05993904503894345,58
24,27770,29530,983.2,0.059600406366407045,61
24,27775,29530,1023.09,0.05943108703013884,64
24,27780,29530,1037.43,0.05926176769387064,65
24,27785,29530,1113.32,0.05909244835760244,69
24,27790,29530,1157.93,0.05892312902133424,72
24,27795,29530,1217.87,0.058753809685066036,76
24,27800,29530,1234.48,0.058584490348797834,77
24,27810,29530,1248.14,0.05824585167626143,78
24,27825,29530,1261.28,0.057737893667456824,79
24,27845,29530,1274.64,0.05706061632238402,80
24,27855,29530,1288.23,0.05672197764984761,81
24,27860,29530,1300.54,0.05655265831357941,82
24,27865,29530,1326.17,0.05638333897731121,84
24,27880,29530,1354.51,0.055875380968506604,86
24,27890,29530,1368.81,0.0555367422959702,87
24,27895,29530,1436.59,0.055367422959702,92
24,27905,29530,1466.13,0.055028784287165594,94
24,27910,29530,1482.98,0.05485946495089739,95
24,27920,29530,1513.48,0.05452082627836099,97
24,27925,29530,1566.63,0.05435150694209279,101
24,27935,29530,1579.79,0.05401286826955638,102
24,27945,29530,1606.74,0.05367422959701998,104
24,27965,29530,1619.35,0.05299695225194717,105
24,27970,29530,1645.7,0.05282763291567897,107
24,27975,29530,1683.88,0.05265831357941077,110
24,27990,29530,1724.8,0.05215035557060616,113
24,27995,29530,1738.24,0.05198103623433796,114
24,28005,29530,1750.73,0.051642397561801556,115
24,28010,29530,1820.25,0.051473078225533354,121
24,28015,29530,1832.92,0.05130375888926515,122
24,28020,29530,1861.62,0.05113443955299695,125
24,28030,29530,1949.47,0.05079580088046055,132
24,28035,29530,2064.0,0.050626481544192345,141
24,28040,29530,2102.85,0.05045716220792414,145
24,28045,29530,2140.6,0.05028784287165594,149
24,28050,29530,2177.31,0.05011852353538774,153
24,28055,29530,2334.39,0.04994920419911954,170
24,28060,29530,2433.67,0.049779884862851335,180
24,28065,29530,2792.26,0.049610565526583134,217
24,28070,29530,3470.26,0.04944124619031493,276
25,0,84340,7.08,1,1
25,28430,84340,60.29,0.6629120227649988,1
25,28440,84110,69.65,0.6618713589347284,2
25,28450,84110,78.77,0.6617524670074902,3
25,28450,83815,88.7,0.6605619519179144,4
25,28455,83815,97.68,0.6605022967249299,5
25,28475,83815,117.13,0.6602636759529917,7
25,28475,83245,145.59,0.657937413658478,10
25,28480,83245,155.93,0.6578773499909905,11
25,28485,83245,176.45,0.6578172863235029,13
25,28490,83245,186.13,0.6577572226560153,14
25,28495,83245,205.55,0.6576971589885279,16
25,28500,83245,229.05,0.6576370953210403,18
25,28505,83245,259.98,0.6575770316535527,21
25,28510,83245,482.02,0.6575169679860652,43
25,28515,83245,615.2,0.6574569043185777,57
25,28520,83245,642.24,0.6573968406510902,60
25,28520,83090,656.04,0.6567577325791311,60
25,28525,83090,768.92,0.6566975568660489,74
25,28530,83090,846.98,0.6566373811529667,83
25,28535,83090,883.88,0.6565772054398845,88
25,28540,83090,976.06,0.6565170297268023,96
25,28545,83090,1025.91,0.6564568540137201,101
25,28550,83090,1103.41,0.6563966783006379,109
25,28555,83090,1169.52,0.6563365025875557,118
25,28560,83090,1322.82,0.6562763268744735,131
25,28565,83090,1432.19,0.6562161511613913,148
25,28570,83090,1586.05,0.6561559754483091,166
25,28575,83090,1649.93,0.6560957997352269,174
25,28580,83090,1714.4,0.6560356240221447,179
25,28585,83090,1781.87,0.6559754483090625,186
25,28590,83090,1865.78,0.6559152725959803,199
25,28595,83090,2153.07,0.6558550968828981,243
25,28600,83090,2554.38,0.6557949211698159,299
25,28605,83090,2827.06,0.6557347454567337,343
25,28610,83090,3061.08,0.6556745697436515,381
25,28615,83090,3356.62,0.6556143940305693,419
26,0,289,2.37,1,1
26,110,289,104.45,0.6193771626297578,1
26,118,289,127.72,0.5916955017301038,2
26,122,289,152.04,0.5778546712802768,3
26,123,289,172.87,0.5743944636678201,4
26,124,289,191.89,0.5709342560553633,5
26,127,289,207.08,0.5605536332179931,6
26,128,289,259.79,0.5570934256055363,9
26,129,289,289.49,0.5536332179930796,11
26,130,289,310.07,0.5501730103806228,12
26,131,289,333.39,0.5467128027681661,13
26,132,289,517.24,0.5432525951557093,24
26,133,289,740.39,0.5397923875432526,37
26,134,289,914.15,0.5363321799307958,47
26,135,289,1100.0,0.532871972318339,58
26,135,282,1203.64,0.5212765957446809,64
26,136,282,1379.27,0.5177304964539007,76
26,136,280,1432.21,0.5142857142857142,78
26,137,280,1813.68,0.5107142857142857,102
26,137,273,1898.62,0.4981684981684982,108
26,138,273,2476.23,0.4945054945054945,146
26,139,273,2929.51,0.4908424908424908,179
27,0,1818,23.25,1,1
27,200,1818,656.32,0.88998899889989,1
27,202,1818,1099.82,0.8888888888888888,2
27,209,1818,1885.91,0.8850385038503851,4
27,210,1818,3048.92,0.8844884488448845,7
27,213,1818,3833.97,0.8828382838283828,9
28,0,386,4.04,1,1
28,75,386,69.56,0.805699481865285,1
28,77,386,132.6,0.8005181347150259,3
28,79,386,158.35,0.7953367875647669,4
28,79,378,295.58,0.791005291005291,8
28,80,378,353.09,0.7883597883597884,10
28,81,378,645.88,0.7857142857142857,18
28,82,378,725.5,0.783068783068783,21
28,83,378,807.49,0.7804232804232805,23
28,84,378,983.95,0.7777777777777778,28
28,85,378,1101.57,0.7751322751322751,32
28,86,378,1296.24,0.7724867724867724,39
28,87,378,1562.2,0.7698412698412699,46
28,88,378,1913.68,0.7671957671957672,56
28,89,378,2478.08,0.7645502645502645,74
28,89,372,2530.86,0.760752688172043,76
28,89,368,2553.06,0.7581521739130435,77
28,89,367,2581.37,0.7574931880108992,78
28,90,367,2986.57,0.7547683923705722,91
28,91,367,3458.92,0.7520435967302452,106
29,0,583,2.64,1,1
29,174,583,72.64,0.7015437392795884,1
29,176,567,104.98,0.689594356261023,2
29,177,567,135.23,0.6878306878306878,3
29,178,567,162.54,0.6860670194003528,4
29,179,567,319.86,0.6843033509700176,10
29,180,567,388.99,0.6825396825396826,13
29,180,507,458.48,0.6449704142011834,16
29,181,507,577.75,0.6429980276134122,22
29,181,503,729.11,0.6401590457256461,28
29,182,503,1078.8,0.6381709741550696,43
29,183,503,1844.2,0.6361829025844931,77
29,183,502,2198.11,0.6354581673306773,93
29,184,502,2586.71,0.6334661354581673,112
29,185,502,3570.46,0.6314741035856574,155
30,0,1196,6.53,1,1
30,388,1196,71.04,0.6755852842809364,1
30,389,1145,136.37,0.6602620087336245,2
30,390,1145,201.18,0.6593886462882096,3
30,392,1145,265.51,0.6576419213973799,4
30,393,1145,326.96,0.6567685589519651,5
30,394,1145,389.85,0.6558951965065503,6
30,396,1145,452.06,0.6541484716157205,7
30,397,1145,637.22,0.6532751091703056,10
30,398,1145,1089.25,0.6524017467248908,17
30,399,1145,1295.33,0.651528384279476,20
30,399,1143,1357.23,0.6509186351706037,21
30,400,1143,1618.24,0.6500437445319335,25
30,401,1143,1677.43,0.6491688538932633,26
30,401,1131,2190.49,0.6454465075154731,34
30,402,1131,2736.66,0.6445623342175066,43
30,403,1131,3321.32,0.6436781609195402,52
30,404,1131,3631.64,0.6427939876215738,57
31,0,1845,13.91,1,1
31,520,1845,228.68,0.7181571815718157,1
31,521,1845,381.26,0.7176151761517615,2
31,523,1845,537.6,0.7165311653116531,3
31,531,1845,676.37,0.7121951219512195,4
31,532,1845,1566.78,0.7116531165311654,10
31,533,1845,2042.78,0.7111111111111111,13
31,535,1845,2204.1,0.7100271002710027,14
31,537,1845,2368.16,0.7089430894308943,15
31,538,1845,2551.87,0.7084010840108401,16
31,539,1845,2711.65,0.7078590785907859,17
31,540,1845,2868.19,0.7073170731707317,18
31,541,1845,3003.93,0.7067750677506776,19
31,542,1845,3519.32,0.7062330623306233,22
32,0,2172,24.4,1,1
32,1055,2172,122.61,0.5142725598526704,1
32,1055,2129,214.18,0.5044621888210428,2
32,1055,2125,301.42,0.5035294117647059,3
32,1055,2124,1435.44,0.5032956685499058,10
32,1055,2118,1867.38,0.5018885741265344,12
32,1056,2118,2614.42,0.5014164305949008,16
32,1057,2118,3135.16,0.5009442870632672,19
33,0,3191,54.86,1,1
33,1137,3191,271.42,0.6436853650893137,1
33,1137,3145,510.17,0.6384737678855326,2
33,1137,3144,750.29,0.6383587786259542,3
33,1137,3143,3757.94,0.6382437161947184,10
34,0,3460,147.82,1,1
34,390,3460,799.78,0.8872832369942196,1
34,406,3460,1656.63,0.8826589595375722,2
34,412,3453,2550.06,0.8806834636547929,3
34,420,3453,3400.45,0.8783666377063423,4
34,428,3453,4246.44,0.8760498117578916,5
35,0,3027,156.42,1,1
35,324,3027,1140.93,0.8929633300297324,1
35,329,3000,2711.49,0.8903333333333333,2
36,0,3406,192.76,1,1
36,99,3406,1301.28,0.9709336465061655,1
36,100,3387,3531.25,0.9704753469146737,2
37,0,3356,225.42,1,1
37,57,3356,1230.08,0.983015494636472,1
37,71,3356,2901.67,0.9788438617401669,2
37,72,3351,4582.33,0.9785138764547896,3
38,0,17454,9.39,1,1
38,9219,17454,122.1,0.47181161911309727,1
38,9262,17454,173.44,0.4693480004583477,2
38,9323,17454,224.52,0.46585309957602844,3
38,9338,17454,266.15,0.46499369771972043,4
38,9370,17356,318.22,0.4601290619958516,5
38,9372,17356,366.03,0.4600138280709841,6
38,9373,17081,412.83,0.4512616357356127,7
38,9395,17081,465.18,0.4499736549382355,8
38,9398,17081,516.84,0.44979802119313855,9
38,9402,17081,571.09,0.4495638428663427,10
38,9408,17081,617.01,0.44921257537614895,11
38,9410,17081,666.3,0.449095486212751,12
38,9411,17081,780.55,0.44903694163105207,14
38,9412,17081,828.84,0.4489783970493531,15
38,9413,17081,874.3,0.44891985246765415,16
38,9423,17081,918.46,0.4483344066506645,17
38,9424,17081,960.66,0.4482758620689655,18
38,9427,17081,1116.6,0.44810022832386864,20
38,9432,17081,1170.1,0.4478075054153738,21
38,9433,17081,1220.12,0.4477489608336748,22
38,9434,17081,1266.08,0.44769041625197586,23
38,9437,17081,1359.5,0.447514782506879,25
38,9439,17081,1455.17,0.44739769334348106,27
38,9441,17081,1498.22,0.44728060418008314,28
38,9448,17081,1589.55,0.44687079210819036,30
38,9448,16976,1706.32,0.44344957587181905,32
38,9449,16976,1785.16,0.44339066918001885,34
38,9450,16976,1866.01,0.44333176248821865,35
38,9451,16976,1909.24,0.44327285579641845,36
38,9452,16976,1962.69,0.4432139491046183,37
38,9454,16976,2007.32,0.4430961357210179,38
38,9455,16976,2053.52,0.4430372290292177,39
38,9456,16976,2100.76,0.4429783223374175,40
38,9458,16976,2153.25,0.4428605089538172,41
38,9462,16976,2237.57,0.4426248821866164,43
38,9463,16976,2295.38,0.4425659754948162,44
38,9465,16976,2335.92,0.44244816211121585,45
38,9470,16976,2433.33,0.4421536286522149,47
38,9472,16976,2532.62,0.4420358152686145,49
38,9474,16976,2870.85,0.4419180018850141,55
38,9476,16976,2915.6,0.4418001885014138,56
38,9478,16976,2964.47,0.4416823751178134,57
38,9479,16976,3107.14,0.4416234684260132,59
38,9480,16976,3148.47,0.441564561734213,60
38,9481,16976,3266.3,0.4415056550424128,62
38,9481,16786,3399.51,0.4351840819730728,64
38,9482,16786,3478.4,0.4351245085190039,66
38,9483,16786,3626.85,0.43506493506493504,68
39,0,20664,4.21,1,1
39,7669,20664,111.93,0.6288714672861014,1
39,7676,18071,159.33,0.5752310331470312,2
39,7709,18071,205.43,0.5734049028830723,3
39,7722,18066,256.61,0.5725672534041847,4
39,7725,18066,303.84,0.5724011956160744,5
39,7736,17863,357.21,0.566926048256172,6
39,7745,17863,402.08,0.5664222135139674,7
39,7771,17863,479.44,0.5649666909253764,8
39,7773,17863,531.76,0.564854727649331,9
39,7777,17863,594.74,0.5646308010972401,10
39,7780,17863,645.88,0.5644628561831719,11
39,7782,17863,709.43,0.5643508929071265,12
39,7786,17863,759.39,0.5641269663550356,13
39,7788,17351,803.93,0.5511497896374848,14
39,7790,17351,841.97,0.5510345225059075,15
39,7792,17351,893.71,0.5509192553743301,16
39,7793,17351,944.86,0.5508616218085413,17
39,7797,17351,990.43,0.5506310875453865,18
39,7810,17351,1099.45,0.5498818511901331,20
39,7814,17351,1150.68,0.5496513169269782,21
39,7825,17351,1189.53,0.5490173477033023,22
39,7826,17351,1287.25,0.5489597141375137,24
39,7829,17351,1340.6,0.5487868134401476,25
39,7833,17351,1381.4,0.5485562791769927,26
39,7835,17351,1427.56,0.5484410120454153,27
39,7836,17351,1471.62,0.5483833784796265,28
39,7837,17351,1512.84,0.5483257449138378,29
39,7838,17351,1559.64,0.5482681113480491,30
39,7840,17351,1671.95,0.5481528442164717,32
39,7843,17351,1712.77,0.5479799435191055,33
39,7854,17351,1758.4,0.5473459742954296,34
39,7856,17351,1847.82,0.5472307071638522,36
39,7857,17351,1888.96,0.5471730735980636,37
39,7858,17351,1929.35,0.5471154400322747,38
39,7859,17351,1984.7,0.547057806466486,39
39,7861,17351,2037.39,0.5469425393349087,40
39,7863,17351,2086.43,0.5468272722033313,41
39,7865,17351,2238.82,0.5467120050717538,44
39,7866,17351,2299.54,0.5466543715059651,45
39,7870,17351,2340.27,0.5464238372428102,46
39,7871,17351,2392.86,0.5463662036770215,47
39,7875,17351,2511.85,0.5461356694138666,49
39,7876,17351,2677.24,0.5460780358480779,52
39,7877,17351,2804.59,0.5460204022822892,54
39,7880,17351,2869.69,0.545847501584923,55
39,7885,17351,2921.03,0.5455593337559795,56
39,7887,17351,2961.26,0.545444066624402,57
39,7888,17351,3025.63,0.5453864330586133,58
39,7890,17351,3066.97,0.545271165927036,59
39,7891,17351,3117.06,0.5452135323612471,60
39,7893,17351,3195.82,0.5450982652296698,62
39,7896,17351,3244.14,0.5449253645323037,63
39,7897,17351,3326.58,0.5448677309665149,65
39,7898,17351,3367.16,0.5448100974007262,66
39,7899,17351,3434.92,0.5447524638349375,67
39,7900,17351,3475.15,0.5446948302691488,68
39,7902,17351,3563.53,0.5445795631375713,70
39,7903,17351,3612.74,0.5445219295717826,71
40,0,20761,5.52,1,1
40,7321,20761,78.41,0.6473676605173161,1
40,7469,20761,115.58,0.6402389094937624,2
40,7503,20761,152.35,0.6386012234478108,3
40,7506,20761,186.45,0.6384567217378739,4
40,7521,20761,224.31,0.6377342131881893,5
40,7793,20761,258.2,0.6246327248205771,6
40,7831,20761,290.87,0.6228023698280429,7
40,8177,20761,330.07,0.6061365059486538,8
40,8197,20761,362.96,0.605173161215741,9
40,8239,20761,396.03,0.6031501372766245,10
40,8272,20761,437.11,0.6015606184673186,11
40,8276,20761,472.5,0.601367949520736,12
40,8280,20761,508.13,0.6011752805741535,13
40,8286,20761,546.4,0.6008862771542797,14
40,8287,20761,588.53,0.600838109917634,15
40,8297,20761,627.55,0.6003564375511777,16
40,8302,20761,660.32,0.6001156013679495,17
40,8322,20761,695.2,0.5991522566350368,18
40,8327,20761,731.66,0.5989114204518087,19
40,8331,20761,796.45,0.5987187515052261,21
40,8339,20761,842.02,0.598333413612061,22
40,8369,20761,885.25,0.5968883965126921,23
40,8371,20761,922.79,0.5967920620394008,24
40,8378,20761,959.8,0.5964548913828813,25
40,8389,20761,996.0,0.5959250517797794,26
40,8405,20761,1029.57,0.5951543759934492,27
40,8406,20761,1066.0,0.5951062087568036,28
40,8408,20761,1104.45,0.5950098742835124,29
40,8413,20761,1139.69,0.5947690381002841,30
40,8419,20761,1181.93,0.5944800346804103,31
40,8423,20761,1215.75,0.5942873657338279,32
40,8426,20761,1274.89,0.5941428640238909,33
40,8432,20761,1310.97,0.5938538606040171,34
40,8435,20761,1345.5,0.5937093588940803,35
40,8448,20761,1378.26,0.593083184817687,36
40,8450,20761,1420.35,0.5929868503443957,37
40,8454,20761,1459.75,0.5927941813978133,38
40,8456,20761,1493.0,0.592697846924522,39
40,8457,20761,1523.86,0.5926496796878763,40
40,8466,20761,1564.83,0.5922161745580656,41
40,8472,20761,1606.43,0.5919271711381918,42
40,8490,20761,1639.79,0.5910601608785704,43
40,8498,20761,1673.16,0.5906748229854053,44
40,8518,20761,1706.87,0.5897114782524927,45
40,8519,20761,1738.16,0.589663311015847,46
40,8523,20761,1769.55,0.5894706420692645,47
40,8552,20761,1801.13,0.5880737922065411,48
40,8556,20761,1834.21,0.5878811232599586,49
40,8565,20761,1867.63,0.5874476181301479,50
40,8570,20761,1900.02,0.5872067819469197,51
40,8572,20761,1935.47,0.5871104474736284,52
40,8580,20761,1968.47,0.5867251095804634,53
40,8586,20761,2039.06,0.5864361061605896,54
40,8603,20761,2069.93,0.5856172631376138,55
40,8616,20761,2107.34,0.5849910890612205,56
40,8621,20761,2172.55,0.5847502528779924,58
40,8622,20761,2205.92,0.5847020856413467,59
40,8623,20761,2247.99,0.5846539184047012,60
40,8625,20761,2281.0,0.5845575839314099,61
40,8634,20761,2359.31,0.5841240788015991,63
40,8660,20761,2391.25,0.5828717306488127,64
40,8664,20761,2431.4,0.5826790617022302,65
40,8670,20761,2502.11,0.5823900582823563,67
40,8671,20761,2535.53,0.5823418910457107,68
40,8674,20761,2575.88,0.5821973893357738,69
40,8677,20761,2638.8,0.582052887625837,71
40,8681,20761,2678.49,0.5818602186792544,72
40,8683,20761,2749.01,0.5817638842059631,74
40,8684,20761,2782.57,0.5817157169693175,75
40,8688,20761,2812.83,0.5815230480227349,76
40,8695,20761,2865.69,0.5811858773662155,77
40,8701,20761,2919.21,0.5808968739463417,78
40,8703,20761,2951.08,0.5808005394730504,79
40,8709,20761,2984.96,0.5805115360531766,80
40,8711,20761,3019.31,0.5804152015798854,81
40,8713,20761,3061.31,0.5803188671065941,82
40,8714,20761,3095.24,0.5802706998699485,83
40,8721,20761,3166.33,0.579933529213429,85
40,8724,20761,3196.87,0.5797890275034921,86
40,8727,20761,3265.94,0.5796445257935552,88
40,8731,20761,3293.36,0.5794518568469726,89
40,8738,20761,3329.11,0.5791146861904533,90
40,8743,20761,3397.38,0.5788738500072251,91
40,8746,20761,3432.5,0.5787293482972882,92
40,8748,20761,3500.5,0.5786330138239969,93
40,8749,20761,3555.12,0.5785848465873513,94
41,0,34425,1.2,1,1
41,22007,34425,36.07,0.3607262164124909,1
41,22010,34055,53.59,0.3536925561591543,2
41,22024,34055,70.25,0.3532814564674791,3
41,22031,34055,85.18,0.35307590662164146,4
41,22035,34055,103.65,0.3529584495668771,5
41,22039,34039,121.84,0.3525367960280854,6
41,22049,34039,157.05,0.3522430153647287,8
41,22061,34039,174.78,0.3518904785687006,9
41,22065,34039,191.94,0.3517729663033579,10
41,22067,34039,209.89,0.35171421017068655,11
41,22079,33391,225.62,0.33877392111646853,12
41,22086,33391,246.16,0.33856428378904496,13
41,22089,33391,263.64,0.33847443922014914,14
41,22096,33391,285.77,0.33826480189272556,15
41,22105,33391,303.75,0.33799526818603814,16
41,22107,33391,319.47,0.3379353718067743,17
41,22117,33391,370.4,0.3376358899104549,20
41,22118,33391,387.73,0.337605941720823,21
41,22119,33391,406.13,0.33757599353119105,22
41,22123,33391,419.81,0.3374562007726633,23
41,22133,33391,439.39,0.3371567188763439,24
41,22139,33391,474.04,0.3369770297385523,26
41,22143,33391,491.7,0.33685723698002457,27
41,22144,33391,513.47,0.33682728879039264,28
41,22147,33391,528.53,0.3367374442214968,29
41,22151,33391,545.85,0.33661765146296907,30
41,22154,33391,564.16,0.33652780689407324,31
41,22158,33391,578.04,0.3364080141355455,32
41,22159,33391,599.53,0.3363780659459136,33
41,22164,33391,617.78,0.3362283249977539,34
41,22165,33391,631.18,0.3361983768081219,35
41,22173,33391,648.63,0.3359587912910664,36
41,22174,33391,662.36,0.3359288431014345,37
41,22175,33391,682.44,0.3358988949118026,38
41,22176,33391,703.33,0.33586894672217066,39
41,22181,33391,716.96,0.335719205774011,40
41,22188,33391,734.99,0.3355095684465874,41
41,22190,33391,756.5,0.3354496720673235,42
41,22191,33391,772.38,0.3354197238776916,43
41,22192,33391,807.38,0.33538977568805967,45
41,22193,33391,829.63,0.33535982749842774,46
41,22194,33391,844.05,0.33532987930879576,47
41,22195,33391,866.44,0.33529993111916384,48
41,22225,33391,905.02,0.33440148543020576,50
41,22226,33391,925.39,0.3343715372405738,51
41,22227,33391,940.87,0.33434158905094186,52
41,22228,33391,961.22,0.33431164086130993,53
41,22234,33391,976.54,0.33413195172351834,54
41,22235,33391,1019.36,0.33410200353388636,56
41,22239,33391,1034.41,0.3339822107753586,57
41,22241,33391,1055.43,0.33392231439609477,58
41,22243,33391,1071.03,0.33386241801683086,59
41,22246,33391,1094.17,0.3337725734479351,60
41,22247,33391,1112.31,0.3337426252583031,61
41,22248,33391,1130.15,0.3337126770686712,62
41,22253,33391,1144.21,0.3335629361205115,63
41,22262,33391,1162.85,0.3332934024138241,64
41,22266,33391,1176.18,0.33317360965529635,65
41,22269,33391,1193.98,0.33308376508640053,66
41,22276,33391,1228.06,0.33287412775897696,68
41,22281,33391,1249.61,0.3327243868108173,69
41,22282,33391,1264.16,0.33269443862118536,70
41,22283,33391,1283.64,0.33266449043155344,71
41,22284,33391,1316.67,0.33263454224192146,73
41,22289,33391,1335.25,0.3324848012937618,74
41,22291,33391,1348.87,0.33242490491449794,75
41,22295,33391,1367.48,0.3323051121559702,76
41,22303,33391,1380.75,0.3320655266389147,77
41,22308,33391,1398.26,0.33191578569075497,78
41,22309,33391,1411.68,0.33188583750112305,79
41,22320,33391,1429.27,0.33155640741517173,80
41,22321,33391,1443.28,0.3315264592255398,81
41,22325,33391,1456.26,0.33140666646701206,82
41,22336,33391,1475.56,0.3310772363810608,83
41,22337,33391,1506.96,0.3310472881914288,85
41,22338,33391,1527.24,0.3310173400017969,86
41,22352,33391,1540.26,0.3305980653469498,87
41,22355,33391,1553.35,0.330508220778054,88
41,22356,33391,1571.39,0.33047827258842205,89
41,22359,33391,1588.21,0.3303884280195262,90
41,22360,33391,1610.6,0.3303584798298943,91
41,22362,33391,1628.95,0.3302985834506304,92
41,22366,33391,1642.97,0.33017879069210265,93
41,22367,33391,1655.9,0.33014884250247073,94
41,22368,33391,1688.14,0.3301188943128388,96
41,22374,33391,1723.26,0.32993920517504716,98
41,22375,33391,1742.04,0.32990925698541523,99
41,22377,33391,1755.5,0.32984936060615133,100
41,22382,33391,1776.64,0.32969961965799166,101
41,22383,33391,1790.78,0.32966967146835974,102
41,22385,33391,1810.1,0.3296097750890959,103
41,22399,33391,1871.7,0.32919050043424875,105
41,22400,33391,1888.54,0.3291605522446168,106
41,22402,33391,1905.11,0.3291006558653529,107
41,22403,33391,1919.88,0.329070707675721,108
41,22404,33391,1933.86,0.3290407594860891,109
41,22405,33391,1947.41,0.32901081129645715,110
41,22409,33391,1966.33,0.3288910185379294,111
41,22411,33391,1982.35,0.3288311221586655,112
41,22414,33391,1997.07,0.3287412775897697,113
41,22415,33391,2012.08,0.32871132940013775,114
41,22423,33391,2026.6,0.32847174388308226,115
41,22425,33391,2045.69,0.3284118475038184,116
41,22428,33391,2059.45,0.3283220029349226,117
41,22430,33391,2074.4,0.3282621065556587,118
41,22435,33391,2090.62,0.328112365607499,119
41,22439,33391,2105.65,0.32799257284897126,120
41,22441,33391,2121.05,0.3279326764697074,121
41,22446,33391,2136.37,0.32778293552154775,122
41,22451,33391,2150.57,0.327633194573388,123
41,22453,33391,2168.13,0.3275732981941242,124
41,22456,33391,2182.69,0.32748345362522835,125
41,22457,33391,2197.66,0.3274535054355964,126
41,22462,33391,2229.23,0.32730376448743675,128
41,22463,33391,2245.37,0.3272738162978048,129
41,22464,33391,2274.6,0.32724386810817285,131
41,22465,33391,2290.08,0.32721391991854093,132
41,22467,33391,2305.42,0.32715402353927703,133
41,22478,33391,2323.97,0.32682459345332576,134
41,22481,33391,2357.74,0.32673474888442994,136
41,22486,33391,2373.82,0.32658500793627027,137
41,22488,33301,2392.14,0.32470496381490044,138
41,22497,33301,2407.57,0.3244347016606108,139
41,22501,33301,2423.89,0.32431458514759315,140
41,22503,33301,2440.73,0.32425452689108436,141
41,22504,33301,2458.66,0.32422449776282997,142
41,22505,33301,2475.34,0.3241944686345755,143
41,22507,33301,2521.84,0.32413441037806673,146
41,22511,33301,2534.65,0.3240142938650491,147
41,22512,33301,2552.14,0.3239842647367947,148
41,22515,33301,2569.1,0.32389417735203146,149
41,22521,33301,2585.75,0.32371400258250504,150
41,22532,33301,2598.33,0.32338368217170654,151
41,22542,33301,2613.47,0.3230833908891625,152
41,22544,33301,2632.43,0.32302333263265365,153
41,22548,33301,2666.09,0.32290321611963607,155
41,22552,33301,2699.51,0.32278309960661844,157
41,22572,33301,2715.41,0.3221825170415303,158
41,22577,33301,2734.69,0.32203237140025825,159
41,22584,33301,2749.62,0.3218221675024774,160
41,22588,33301,2765.29,0.32170205098945975,161
41,22593,33301,2778.51,0.3215519053481877,162
41,22606,33301,2808.88,0.32116152668088044,164
41,22612,33301,2821.17,0.320981351911354,165
41,22622,33301,2837.78,0.32068106062880997,166
41,22624,33301,2855.25,0.3206210023723011,167
41,22628,33301,2868.02,0.3205008858592835,168
41,22634,33301,2885.05,0.32032071108975707,169
41,22638,33301,2909.21,0.32020059457673944,171
41,22643,33301,2926.99,0.3200504489354674,172
41,22646,33301,2971.12,0.3199603615507042,175
41,22664,33301,3000.87,0.31941983724212486,177
41,22665,33301,3011.64,0.31938980811387047,178
41,22668,33301,3029.02,0.31929972072910723,179
41,22669,33301,3045.89,0.31926969160085283,180
41,22671,33301,3066.46,0.319209633344344,181
41,22672,33301,3082.36,0.3191796042160896,182
41,22675,33301,3119.03,0.3190895168313264,184
41,22683,33301,3136.72,0.31884928380529115,185
41,22684,33301,3169.3,0.3188192546770367,187
41,22690,33301,3180.54,0.3186390799075103,188
41,22692,33301,3199.72,0.3185790216510015,189
41,22695,33301,3209.98,0.31848893426623825,190
41,22697,33301,3224.17,0.3184288760097294,191
41,22701,33301,3237.0,0.31830875949671184,192
41,22715,33301,3252.16,0.3178883517011501,193
41,22716,33301,3263.25,0.3178583225728957,194
41,22733,33301,3275.72,0.3173478273925708,195
41,22734,33301,3289.12,0.3173177982643164,196
41,22737,33301,3305.21,0.31722771087955315,197
41,22739,33301,3315.81,0.31716765262304436,198
41,22742,33301,3326.28,0.3170775652382811,199
41,22743,33301,3355.73,0.31704753611002673,201
41,22747,33301,3365.74,0.3169274195970091,202
41,22749,33301,3409.74,0.3168673613405003,203
41,22750,33301,3426.98,0.31683733221224586,204
41,22758,33301,3470.67,0.31659709918621065,205
41,22768,33301,3480.81,0.31629680790366654,206
41,22771,33301,3496.82,0.31620672051890336,207
41,22774,33301,3507.85,0.3161166331341401,208
41,22776,33301,3537.23,0.3160565748776313,210
41,22778,33301,3566.4,0.3159965166211225,212
41,22779,33301,3577.07,0.3159664874928681,213
41,22780,33301,3601.21,0.31593645836461365,215
